version https://git-lfs.github.com/spec/v1
oid sha256:eed016d7b2838e2f0c5625b236d7d21101401fb7c2d1dfae01f57793c28ef736
size 3258
