version https://git-lfs.github.com/spec/v1
oid sha256:68c74f71febeaf7f94cb9c0617a445dd387ad20bfe2d6a0c599f304892b948d8
size 5782
