version https://git-lfs.github.com/spec/v1
oid sha256:ba3613d95b4914e718a3f6f928de47c5342af3ed6dd0eac764f68bf0e8abfc0e
size 5782
