version https://git-lfs.github.com/spec/v1
oid sha256:ec895050aa32ae13510a58f600f19ce4544c11c88a49b7415169b7333e686296
size 8299
