version https://git-lfs.github.com/spec/v1
oid sha256:08b8068cebdf075222be5daba66dd13dba4b9dd11b04e57e4d08b1bc018eb9cf
size 8402
