version https://git-lfs.github.com/spec/v1
oid sha256:669ada456e870411d218bb14002a138a8ca6c1fffce56ab5cc52fbf4d0fc4d46
size 6254
