version https://git-lfs.github.com/spec/v1
oid sha256:300687f545f8fe9dbfe437bfd1d215125e8f1d4c17c8997a71a22b4be7bc16df
size 8048
