version https://git-lfs.github.com/spec/v1
oid sha256:9a6eb3d6da29711b3520754b47d85225e489c4184433fcc478d9d34fc46ec231
size 8261
