version https://git-lfs.github.com/spec/v1
oid sha256:2ccb9ce568a3f091e99a68294c0d905cb1f7a84619d5161755d4e15053c1fd92
size 1203
