version https://git-lfs.github.com/spec/v1
oid sha256:a6f2831dafd74572104f8f376225d86950b2e68c7bc9283769503a9c4abc04a1
size 574
