version https://git-lfs.github.com/spec/v1
oid sha256:a74c5929035890c4caec76edd30cc6dc6c7543e8517272a215adcd9acd1374b6
size 37314
