version https://git-lfs.github.com/spec/v1
oid sha256:87065c235e06842df87a2e7f25f858b08777e15a313154c428e912cfc965e42d
size 6862
