version https://git-lfs.github.com/spec/v1
oid sha256:00267e1b93235cd981b4d8a4a9dad80108d94b9404d2310677d69fdc17236967
size 178207
