version https://git-lfs.github.com/spec/v1
oid sha256:12879eabe91f0e97e40860191608304b7a552e63c798a159c93b591f5e2d4cea
size 181484
