version https://git-lfs.github.com/spec/v1
oid sha256:df4ad4a9d790aad7250c5875aead426f71b58b77cbdaf05080a8fba8c360a575
size 179348
