version https://git-lfs.github.com/spec/v1
oid sha256:d79005e4608e89461770b646d2c949bf78c79e098b4fd1b817a385ea7da7c9de
size 182676
