version https://git-lfs.github.com/spec/v1
oid sha256:7c45dbed2f16a9de0410a3588218d3fe18c0d44337f3a840805c0093a364b6ae
size 5782
