version https://git-lfs.github.com/spec/v1
oid sha256:609d3f1b016d1318b711b3500c989bffb35f00fbf069f8d85a640f445cd0389a
size 950
