version https://git-lfs.github.com/spec/v1
oid sha256:22336976c3d622efb6fac09f0e7f413e2af8cbc0967e22ac6535a12803d42da7
size 950
