version https://git-lfs.github.com/spec/v1
oid sha256:14e6fa70fcd069b54766a2a257a0d4a39e2ac9c4bbc2daaed62c26bc56feab9b
size 8237
