version https://git-lfs.github.com/spec/v1
oid sha256:560f582a8c69b645ec24eddbac453daa8aeb4cadec3753668c7fb9dc8fd5409f
size 8324
