version https://git-lfs.github.com/spec/v1
oid sha256:d6f7f2993e28f3c39229f1b40becfaceac7ddebacd47c508cf8ce16d45da823a
size 20151
