version https://git-lfs.github.com/spec/v1
oid sha256:5240fabcac2aa727c316d671af16989bb5e4ebd25fbd982d24cbc94d7eb4f812
size 126484
