version https://git-lfs.github.com/spec/v1
oid sha256:60e6ee3caa89cfeab106e9781c733818b1ee6ca39c4149e31afe2c55e40e0975
size 126459
