version https://git-lfs.github.com/spec/v1
oid sha256:86a287d5bf0253d82ab4d802c159bffa0d0a871da40f9acea0f21ae6eee0ccbc
size 132040
