3.9086504550335,36.8822880578619,34.4910338137862,31.9471212183363,35.4557922017811,30.1123389384824,26.0936865660349,30.506537416881,29.2328780454173,34.5791946262392,29.73614547026,33.7019412235584
-10.0739041460812,38.6064943299896,32.0626373621243,24.8523661015545,34.7372045819343,19.7933090804668,31.4074558090079,20.7855738235603,17.1465226936211,32.2821000806364,32.8064512693448,29.8670443002145
-37.9270330003507,-48.0190247026499,-67.4754650062958,-88.9650130070406,-59.5131569255344,-103.980099439561,-66.4745569000416,-100.940532021706,-111.897868015259,-66.7997827175149,-63.8981653949742,-74.01020815756
-48.752528096993,-31.6037052931462,-45.3897906320488,-60.5909819854414,-39.753677107722,-71.2507134104349,-45.7684026832407,-69.1641684392512,-76.8375272470744,-44.9284217261755,-43.2055783290241,-50.0169173991381
31.0692392455799,39.5329340900016,50.5692071438269,63.373069559902,45.9661208408624,72.4442146413932,37.5003079609835,70.7148139004311,77.3699884189147,50.2045663705184,21.4733512042015,54.4042277638171
70.8080673678481,83.3237163577905,94.1823046286732,105.837301240467,89.7903188630767,113.75063256608,80.0686766880556,112.272234437731,118.001050097692,93.8412101523479,64.6997737377507,97.742638638988
-105.979473642453,-105.979473642453,-105.979473642453,-105.979473642453,-105.979473642453,-105.979473642453,-105.979473642453,-105.979473642453,-105.979473642453,-105.979473642453,-105.979473642453,-105.979473642453
169.095535995297,181.831793411462,236.030242532136,296.634770183416,213.746091682306,339.03820723141,209.070192379928,330.620372582884,361.652733828607,234.180474082481,191.765531497603,254.380673320359
-105.979473642453,-105.979473642453,-105.979473642453,-105.979473642453,-105.979473642453,-105.979473642453,-105.979473642453,-105.979473642453,-105.979473642453,-105.979473642453,-105.979473642453,-105.979473642453
46.4998495370507,56.5598866698101,64.1363076772857,72.6568069802351,61.012804332158,78.5059253596191,51.0992632228133,77.3097832147199,81.7352368210492,63.869638035033,55.2259304386826,66.7026477164535
51.3467356523737,62.6761293256612,72.5957797499632,83.7057056310317,68.5131368081851,91.3631797400219,59.3269248356581,89.8008582214948,95.54735014736,72.2477032682705,63.1884365694027,75.9493199998436
43.0922417769189,40.4876602356289,51.4649897929537,63.99724844322,46.9297431147098,72.686196321251,6.69567288395498,71.5940599295259,77.5546689233089,51.2436570340064,20.1865914195078,55.2148138528011
-28.1887246819391,-6.37589656526334,-16.6972380392054,-27.8981809725663,-12.5025064764833,-35.8513814464864,-33.1288829402201,-34.2266695445119,-39.860456270534,-16.336055282576,-25.0120339665218,-20.1352979465434
-5.74261077597331,10.3429374310538,6.6103036914257,2.62030711934875,8.11888604832847,-0.246617138505989,-4.78535017170381,0.362074461784517,-1.63782594835775,6.74624683959761,0.243163164506255,5.37579310248322
35.1737820531461,35.2987770448912,37.3534369660687,39.3974579849136,36.5473452237639,40.5181634751859,14.3201869797863,40.4058728940168,41.2941051262766,37.3154495760513,64.6997737377504,37.97290566374
22.9550102740003,35.8918474650832,34.5541373847025,33.0756589270619,35.0832188515425,31.8316982627213,45.0578601984921,31.3844584123653,31.2761538062217,34.4312108031232,43.9879634791004,34.0998234331552
2.27462468924742,10.2840014094532,2.44605930545676,-6.17253013744317,5.62437895292858,-12.4892024610127,12.7990504970299,-12.1005479527473,-15.6550102762879,2.50243044686425,13.5889592535477,-0.187167742222716
-26.5579273973274,-30.8375903746001,-44.4081361016651,-59.2408219270616,-38.8965456353234,-69.9229642930877,-46.2980023973069,-68.4720322778244,-75.3062050592947,-44.109903057349,-40.4657709619303,-48.9487079825841
-29.8367697909477,-32.9930773236991,-48.764570324425,-66.0439712829513,-42.3548667294648,-78.4817341750187,-46.449385969526,-76.8620287852094,-84.7785228595903,-48.4350579895775,-41.1831328401113,-54.0479216929213
7.81661030496359,18.3447716906405,11.6091747364377,4.33292473283697,14.38312189851,-1.33640460663709,33.1289241232437,1.52051837835662,-3.58286702649009,12.2660478888633,30.5768564999803,9.30268302541348
-24.6385506702612,-30.0011499716007,-37.2747550294728,-44.3742013999089,-34.0424160204286,-51.197592732023,15.0336102824994,-34.1128507364453,-51.1442403670892,-33.1638693599082,2.91954608633525,-39.9538611638292
-41.0103504021621,-47.4601631939554,-66.2591159809769,-86.7045574946549,-58.5716899872406,-101.681307253293,-56.9612487309875,-96.9525106236128,-108.68858066733,-65.1869181584315,-52.7068137297134,-72.5952525634293
-69.6230317633418,-59.7238603128906,-55.7092148127932,-51.3922314333265,-57.4858907961385,-48.037364632068,-67.0021193642421,-54.7592566487683,-47.2569385378945,-57.3242663152547,-61.7744007143598,-54.2540421066459
73.5168945272875,71.9715993016289,67.8546106981736,63.2945412671598,69.3899991675687,60.3754874160343,48.323213063154,54.9153828967454,57.9467589783027,66.5195201202179,58.1390404975778,66.5934913446473
62.9286921569864,77.3932838923359,80.9137131571591,87.1508298885117,79.5912406171456,87.6852548125899,117.340506892017,106.320044457477,94.1424237832114,85.3933798151571,104.414207836334,81.928615915445
-24.5757580747185,-19.7691714210563,-27.8423816094939,-35.8893249768536,-24.6133021912838,-42.8099032156941,-8.73867651105336,-39.3082655110637,-44.789428491755,-27.0234568025785,-3.1920907505512,-30.5267445673564
32.4497423475313,36.3162789238618,32.306474653006,30.3230689259911,34.0511124252314,25.0475807261956,61.1040789640231,44.8508384067702,28.5329382786454,37.0453968450753,52.4265606816406,30.8059772715437
-8.98633953237411,-19.5278414246332,-33.7749857386946,-46.9341781581641,-27.8606165673512,-60.1082336452517,-15.349251837251,-38.7164456018042,-60.6630488029778,-28.6836060766411,-18.2505596821702,-38.6951654518295
-54.5381352257009,-80.9187800795211,-106.420106761568,-131.865141109875,-95.9218400745474,-153.722303372924,-99.396448066557,-130.584201313785,-158.718588706163,-100.941261153535,-95.9478129199649,-115.099634942058
108.874736743433,28.8824651127308,-81.0592218615312,-187.784186803745,-35.8767818219258,-284.262918163896,-40.6309440080852,-169.416637611799,-300.596254581233,-53.8374145243097,-27.5027898711215,-118.494448380697
-143.499408399617,-143.610263451518,-113.303745023225,-86.5475606784794,-125.790374320598,-57.7831355643518,-146.691151837974,-107.037728832744,-58.4343842745962,-125.021941352988,-143.179642854896,-102.888816839199
39.9693490882903,35.8426195298492,25.8293077759141,20.9613275381615,30.0167877226656,8.20003573179218,71.8476918748031,51.3067177356991,16.1721452650811,36.1291713058431,59.2580742919008,22.2339393166932
28.7911667713986,60.7683379151114,81.0615445894681,102.949748696463,72.7623952388482,118.952882004221,93.6925218736089,112.804970739736,126.273742827265,79.6432117896355,84.6144132737849,87.881104314275
41.792520463634,54.8592993315664,65.630604748864,76.6754356022833,61.2145473888289,85.6396054179738,66.7213848384538,78.423287175198,88.3973395383894,63.9303370144934,63.7144298315635,69.2739771929937
-3.6980976225248,-6.44918920974176,-6.9169514116604,-8.14146218451521,-6.75526758591172,-7.84873743777274,-17.2129331546331,-13.3210870238314,-9.52650844772684,-8.2302735799626,-13.8784733589011,-7.0278785023409
-29.5031030455586,31.582892419334,77.560651927873,132.060081634311,58.5082382922021,165.52267822778,83.9620680759328,171.468243701062,189.878620136883,79.0878442523779,68.094311235998,93.1425002406822
62.6677804260581,32.8598095711484,-33.4685999166894,-107.315029182963,-6.24384179977966,-159.07727503753,-18.7979116954637,-148.777231703704,-186.478898150433,-31.2012136948427,5.3508320622095,-55.8709241632153
155.369985531204,159.496715089645,169.51002684358,174.378007081332,165.322546896829,187.139298887702,123.491642744691,144.032616883795,179.167189354413,159.21016331365,136.081260327593,173.105395302801
-25.822879978366,-7.66631652496406,-1.44281390237402,7.83452458930569,-3.8889185958042,10.4145490471352,36.8699980675154,28.2640905422026,17.9977708099909,2.85365093092587,23.2985460732212,0.490519734934303
-34.9388221908281,-48.5528511250493,-56.7390535387814,-66.3895461625509,-53.4336016670775,-72.051944436891,-74.8549046328854,-76.326621914889,-76.7758027485552,-57.7866404772491,-67.16547228332,-59.4282493505377
-57.9507805413174,-17.4545281557624,27.2816841422233,71.5463295897638,8.91185225765581,110.152780604215,17.743346623072,69.157427678423,118.432299958283,17.5804661415051,9.85473956728002,42.4832689566713
-19.9267755076418,-29.483627193221,-41.4643604101681,-52.7738910006118,-36.5246067633487,-63.5856272067774,-31.4170813865736,-48.4562626841072,-64.6798869707715,-37.8705754691143,-31.6466298822769,-45.5666477067423
1.39427141480102,-5.68112715763061,-13.2868077434028,-21.2942037290764,-10.1921048076385,-27.364944607601,-19.7454444068891,-24.5078213594074,-29.8360947508148,-12.6233174484238,-15.9142577897729,-15.8303807335987
80.9618961462188,63.0718201320065,41.2535800974399,15.7477384512768,49.8998183627395,0.335994402503824,20.7639643376816,-15.9658486501209,-12.5052205579408,37.2208506488647,38.4299273381054,34.1799245252259
62.609533844623,37.3883642898358,11.7176230310113,-17.9996532448126,21.8613786647572,-36.0583845964948,-22.4142823112283,-55.1061280446134,-50.8545722432482,7.06470353493751,-1.31936063679436,3.43016051789089
-17.0553028752551,-21.0682527337063,-23.5907426183431,-26.043023570832,-22.6970631619672,-28.2296194684815,-30.9331319617243,-31.8134540297901,-29.3167711336279,-24.3263538737381,-27.0464099685384,-24.3476601151123
-27.0168111571522,-32.6182115999988,-36.6456075754011,-41.2215339296277,-34.888583684598,-43.958460658533,30.9331319617243,-39.3865221438732,-45.3804994762309,-35.6866760931977,27.0464099685384,-38.0493525139945
32.7249475213915,4.31196077946217,-24.6751322739733,-57.873349977464,-13.127698003338,-78.6738917547887,-52.3068402902592,-93.8942545861844,-94.2614168269257,-28.4634376338948,-30.6743332733618,-34.1136338532014
51.9068605347805,52.5612376172219,52.6669645433557,51.6428402229742,52.8306130173437,50.7473743535309,-30.4775065935679,54.9938986674935,50.0519387399943,53.496533355132,-27.7426070228572,52.4648275593162
23.6523869307717,0.256620160151044,-17.9985608540861,-42.4514125430111,-9.21192936251529,-57.1025259016976,110.223130616987,-16.9336633146614,-65.4242340610449,-9.76509557470848,93.2529881811575,-25.175458317203
37.908551430279,64.573448689076,85.2192709894538,117.189963356017,73.5705531661958,133.923819804638,-99.6390336062749,59.1497855366582,143.033419820205,66.7907622291356,-32.1289071035196,94.7518219483548
40.1063928253532,26.0437638405319,11.6025917815429,-2.58538091510361,16.4670148616261,-12.6546938333564,-5.41899761253823,-35.5246757669642,-20.4420215219346,5.02915074525845,37.9324997163487,7.65015930876003
27.1626818999369,10.4800541881576,-5.70262149554819,-21.7709521789864,-0.124672745880394,-33.1563646770256,-5.37061370528358,-55.5399787410996,-41.5907090220613,-12.1535978179239,19.5636580564775,-10.2367820448038
247.540869002824,160.77363224146,58.480774999018,-64.9971037359365,100.570466804847,-137.460654377609,20.7316629732947,-176.212858520972,-197.190328932904,48.9211053664297,73.3377811538094,24.0919708989551
5.15789949920631,-16.5287580741472,-36.1638866131511,-55.9251171746898,-29.1974974651286,-69.8987061058598,-5.41899761253859,-91.9851371439095,-79.6757823864666,-42.5602382216299,-12.1347176271859,-41.8296904174479
72.3567349550077,58.7170662908024,40.5086915941988,22.270083328327,46.9039175624607,9.36397646629814,80.2052483854658,-12.7782660396255,0.147826968843812,34.1086660780906,64.9615661742413,35.3083780739341
44.6968555769811,24.9106204897979,2.48072161096493,-20.2827272941132,10.5806513899385,-36.3591491159548,38.1927471137757,-57.9597444101928,-47.201089954298,-3.80222552612102,25.1879982027938,-4.10909541358477
34.48704872799,12.5860920094144,-11.2503794505993,-35.5280900215722,-2.57749319209695,-52.6648143861366,22.839089818139,-73.9580123773001,-64.0370269260683,-17.4585134020974,10.7094473957461,-18.3072775769379
50.8653028191794,27.1294714634137,5.12725664537308,-14.6514764539762,12.1810853342413,-28.0488831374694,59.0927003482908,-89.3274468907315,-39.3754138854388,-8.0949655829121,35.0104079497256,-0.558109074980817
92.3370674779736,77.6483191087289,61.8095328189803,48.6443277020424,66.3690553505891,39.8799452367791,59.0927003482908,-22.3284222146146,30.9145573446318,48.3771667368536,94.4228648878427,58.1573458102395
12.5834236574496,-19.5036158155887,-47.1951864660437,-73.0787545329518,-37.8389062733589,-90.752826912609,1.10213932060956,-89.3274468907316,-104.258888390313,-60.2234284842861,-19.8322184954978,-54.7573448040387
-11.2761351382031,-54.2371589003681,-76.4976910222095,-91.7382755823588,-70.789765667486,-101.167018295274,-55.081518904225,-76.841858268751,-113.294296218479,-66.5116626938573,-63.7468902939249,-81.0761349413752
-7.63509793556061,25.9630972910509,26.9167874951979,11.082411291477,33.1099476292973,2.55736298495326,39.3680381261751,60.8059643401029,-15.4476061789254,43.3915691161018,35.4436392861752,21.9924921611418
-5.51270397667909,20.6182646461735,24.4819291544997,19.9931263680928,25.9136056840752,15.5288840743773,28.7278459996525,33.8097557309154,19.5920019800173,18.1546745331366,26.6076936457087,23.2652525476932
-36.1576063446075,-10.9592050373972,-2.63142477965967,7.47151563040243,-7.89247537879838,4.27482520442313,-16.1849493273026,6.00126442177853,54.6916100024213,-18.6029556329391,-13.8230659131162,1.21483140843841
35.3381842117322,21.3284159931945,2.9419840126264,-14.8598405193956,9.35127076290638,-27.0022772182543,43.1274143818177,-49.3763455079806,-35.6842596628561,-3.47358216570555,27.5473707259461,-2.20094173779017
35.3381842117322,21.3284159931945,2.9419840126264,-14.8598405193956,9.35127076290638,-27.0022772182543,43.1274143818177,-49.3763455079806,-35.6842596628561,-3.47358216570555,27.5473707259461,-2.20094173779017
-25.5836116080349,-25.4956758374397,-38.2748330077968,-56.8025495056458,-31.6527343374475,-70.5714301423314,-18.7143680341133,-12.4855886219807,-74.7651985311715,-25.1125640354882,-26.9176223337727,-43.6825291965487
-43.3189461933033,-25.4354252871416,-27.1904286542382,-37.7082162901345,-23.4849076543435,-46.3959884295408,-28.5422056409208,33.8097557309153,-44.4853214612963,18.1546745331371,-27.5535352329594,-30.2605794855765
47.4686392920087,55.8175040208173,49.3033239875634,55.0631681515189,46.7954064507638,59.6837513725369,60.3156568697594,-35.1254936801531,63.4816556617785,50.5218587511046,54.4291556983342,51.2687827861427
54.9358667173915,64.7519570386846,56.9467617069702,63.638553164886,54.0173178384455,69.0362025340527,70.0143623670181,-42.6775386698608,73.5336897155835,29.7678189260821,63.0344269437899,59.2394368797294
24.9619125067047,30.1176688455756,29.4988614748392,33.0134550044553,28.0469352742413,35.6997023726378,34.9094651767513,-13.6297453783479,37.6165128475947,41.3035388977439,31.9911865081165,30.652806818351
-12.4808190611084,-15.4932104372687,-21.676661652339,-24.1330837040226,-20.8766066155191,-25.6297565365501,-21.8099294186171,-13.6297453783479,-25.8447009765619,-9.68225611020057,-21.6492769546903,-22.3583692007325
-46.2016619575026,-56.5702694621326,-67.7652268625715,-75.5991326051618,-64.9370424042892,-80.862934304365,-72.8912932572844,-13.629745378348,-82.9977326004204,-55.5999525874687,-69.9577620886645,-70.1001194268106
4.55625439574514,4.17724657974403,-7.87284584365291,-8.68228520964038,-7.91042220404234,-8.64581637433264,-2.81666796075477,-36.4690108357652,-7.14659356555587,-6.43392321670722,-5.38998442537186,-7.9225606953242
4.52493993254417,4.14853698125783,-7.81873693751098,-8.62261314634387,-7.85605504112796,-8.58639495595233,-2.79730941806919,-36.2183647131826,-7.09747608400566,-6.38970381315596,-5.35293985887446,-7.86811010635289
3.20031256276714,-0.82009924091162,-5.67708721340177,-9.33388850947674,-4.44898513374277,-11.8431832163534,-7.34581296298993,-1.86673884716004,-12.7249676776788,-3.47924695374875,-6.32806467537135,-6.72091294455717
50.4637299012359,38.772458326698,-3.0664001767235,-6.49417215350852,-2.14370044877299,-8.40743341550194,-0.617221233571996,-21.1342236497089,-7.97972963843847,-0.844469950896354,-1.7335656000526,-3.91088245675064
16.9315577727929,28.3614565134055,24.6414532648867,39.5951373214565,19.4748946801212,50.1339115415988,34.003610178992,-4.62605293778182,54.5330328983319,15.7561636820503,28.5323590111425,28.9946766700812
39.4141287040343,50.0187765307178,69.4452532865617,77.5406579179894,66.7276342455172,82.6261957551014,71.2970165427117,35.125493680153,83.7748527862111,67.7864700829232,70.0391121629112,71.7392755047403
15.1973828281926,16.5062593214019,5.19600696353497,5.80953388232452,4.6290339310858,6.8249289957302,11.4301708804574,-35.1254936801532,8.78550981260833,6.57806518110351,8.19734832842913,5.57934761066656
46.973077129518,59.0987705522175,77.7208312421355,86.8144240341918,74.570394068165,92.6991708263232,81.4568185494848,29.0477932915127,94.4993767472532,52.9631617450329,79.1910894422196,80.3544768430123
-16.5497684095141,-22.0386041778802,-36.1392298521284,-40.3811987696596,-34.8185929504354,-42.8672012050428,-35.3706603037551,-29.0477932915129,-42.9352942384285,-11.5357199716622,-35.6066523170205,-37.281354073694
-16.1901548899181,-17.9744804875352,-10.8319491373102,-17.8526000858706,-8.47268523957347,-21.8842644007371,-10.9856501282172,40.4873572585834,-22.2398272139165,-0.0704822568790231,-10.6805885715749,-12.8096187279418
-16.7104826167929,-17.8957185370987,-9.77881201393436,-16.0620791060722,-7.65862305238412,-19.6723937767768,-10.0124108032653,37.7911667539757,-20.0134898888604,-0.032258539726282,-9.69124863737694,-11.5533730950402
-17.5495026644979,-18.7942483381246,-10.269798391203,-16.8685433289712,-8.04315642739923,-20.6601290291673,-10.5151259900401,39.6886311935059,-21.0183513058743,-0.0338782153610939,-10.1778385271197,-12.1334587734523
-18.2514578982662,-18.8302472634818,-9.64965649303862,-15.9114702598245,-7.54515049341329,-19.3732565972791,-9.26626783093973,43.6317398326571,-19.4621740747875,1.06497302190762,-9.27555508300908,-11.4090687170383
-24.2890170458204,-21.3507032969888,-12.4219916549276,-13.7900301780125,-12.0004528083176,-17.62630030907,-10.0985670637281,27.9318379141592,-13.6679816113117,-5.70324151867361,-11.2944397997191,-12.7700842429967
-26.1484240919865,-24.0782585308193,-15.6066166546301,-17.832587757069,-14.8762954326535,-21.2928283220718,-13.7369513796822,25.3170857442059,-18.3271325120489,-8.43355921040558,-14.6693096844982,-16.209055487665
-29.6560105299264,-38.2138371525564,-39.9854598688897,-50.0247250184103,-36.3984190882945,-47.2674595181942,-44.1667024230931,-18.7076767349758,-56.830558753121,-32.4491749150489,-41.6816801270713,-42.9404524381653
-27.6460654778594,-23.3517378704583,-17.5577206434038,-14.1511069657123,-18.7376625966097,-24.4327012785265,-15.9410557348432,-6.69418769568839,-12.7908404121535,-18.2079731788301,-16.9072734246052,-16.5693061363259
-30.6007481689869,-21.1208960897126,-11.8400111666208,-3.1527476869126,-14.8884099462189,-19.4830808039818,-7.9266687237487,-3.2710184522859,1.32038287354579,-15.5160487760426,-10.2605148245983,-9.3043076152302
45.2898304502412,47.2350347708057,26.1572061986923,41.7033319923403,20.8292908799844,43.570008360931,24.1219362811123,-106.245098646475,48.4507171078901,-1.20706536032582,24.7749377588242,30.5601156466563
-45.2898304502419,-47.2350347708055,-26.1572061986932,-41.7033319923405,-20.8292908799848,-43.5700083609309,-24.1219362811119,106.245098646475,-48.4507171078903,1.207065360326,-24.7749377588239,-30.5601156466562
-50.6935013118035,-34.7259881710663,-32.1451224078306,-11.1926226761636,-39.5108831900004,-26.819980728445,-25.9202026857036,-85.7776152262424,0.580886373984946,-50.5305024153188,-29.8067127777589,-26.0519874541298
209.632317572545,96.2001835523837,-26.7384959904364,-182.187067091953,26.999913638651,-271.384474182247,120.37069657957,-235.36264405763,-340.223748753109,-17.8696568627054,105.46668825733,-70.6598510493993
5.4036708615623,-12.5090465997395,5.98791620913808,-30.5107093161771,18.6815923100156,-16.7500276324855,1.79826640459098,192.022713872716,-49.0316034818756,51.7375677756434,5.03177501893504,-4.50812819252668
-52.7720234649865,-55.4044502028924,-53.9874931368286,-74.8287388594384,-47.615101249986,-88.672762569337,-41.2343058924196,54.0160498437715,-88.923326431752,-17.0662274399008,-47.1950320438564,-59.4694505432211
-52.7720234649865,-55.4044502028924,-53.9874931368286,-74.8287388594384,-47.615101249986,-88.672762569337,-41.2343058924196,54.0160498437715,-88.923326431752,-17.0662274399008,-47.1950320438564,-59.4694505432211
12.0126045156306,10.2226587761288,11.8520398384671,11.5571192691838,12.1299058091953,15.1108438793099,8.72559336931307,11.6756675456908,7.76297111137929,9.8881486465316,10.3473982735955,11.6643275221382
37.9908526739038,41.8781654271553,47.3687246277936,51.2216299046307,46.0818479326893,15.0762652891971,48.0999118058945,53.6620887429315,51.8220026780322,45.2775523696433,47.5795430987635,48.4563890718197
-0.960782031929597,25.8843905707531,32.0612300645475,87.4944140944455,13.7974525282454,68.2022578607146,25.0205941489071,-163.062240628523,93.5991548483626,-38.2762184887795,26.915457631444,47.4463517876472
17.9919406742785,26.3172979485823,29.1467595730642,34.2214650064995,27.0665688839416,-15.076265289197,36.704535239206,36.7799887483979,43.0625281876756,30.9542583478263,32.6214159498671,30.8036859268648
245.99677046604,209.120570637328,98.5020144095948,-148.878366247136,183.197877675861,-205.022935420011,248.462193090694,271.036134699028,-331.540682827907,223.457953657157,234.896829900261,28.6994932258636
-12.4043658741058,-12.9327868755057,-26.389325231115,-58.853275821802,-12.4735805997719,-68.7537854130428,-6.44429305520939,54.8046999183242,-70.1392161813469,6.26437005299501,-9.36514169618243,-37.1663418798435
-3.66074828175502,-8.97462308388324,-22.1187978409723,-51.9024992290023,-9.17247215877079,-59.7746239599375,-2.40328789438504,45.8323043547818,-70.6879625936095,8.95965039438489,-5.36325538157321,-32.1010393124936
-8.83133599386063,-7.70537776945783,-77.2341048611351,-130.964750208494,-30.3482106422072,-161.240849992371,-2.86284726512669,-2.66294954246238,-178.873608730333,-12.3769333032589,-6.58130713813208,-108.491966580317
-75.7232339964362,-62.6839880836062,-84.077009637566,-85.7541519559422,-69.5984194837528,-111.850708376066,-60.7843912174877,3.71331456012083,-90.9011856925832,-48.7696036083105,-64.9077475762143,-98.8513268964918
56.1603986541399,31.0524129613408,-6.5556540905942,-55.2467877687676,14.4693517064285,-77.9795040199889,17.9684828791425,-43.0829680102859,-102.798724264681,6.9195374895755,22.0541501367378,-23.921697706927
-186.455125276666,-166.024878620447,-144.556626593445,-86.5534481661857,-169.093689890806,-152.943112934261,-160.434867652836,-93.5030229270504,-92.6654674611132,-158.327706990586,-169.322254834855,-124.327806680439
50.5239196053073,12.0566436444505,-48.8943407737128,-93.3530922906161,-29.46558691859,-156.59248411736,-20.4405904263411,-78.8193658030493,-142.425527644031,-35.5536324981677,-18.5373346905052,-64.9592347869003
-36.6008825345373,-25.1171254902977,-9.74377160722719,41.7194138210372,-31.8142626228631,37.9217751466063,-31.6941590369682,31.1077941819183,98.1994206197538,-23.3070447135298,-37.2092240776071,8.47447625179778
-149.854242742129,-140.90775313015,-134.812854986218,-128.272861987223,-137.279427267943,-190.864888080867,-128.740708615868,-124.610817108969,-190.864888080867,-135.020662277056,-132.113030757248,-132.802282932237
72.2088701118053,60.7268860242355,20.6918075479114,-3.31023057249267,52.8134567349396,7.80636149549476,57.7832399698444,31.0958076384594,-19.2905338845692,54.7681692515928,60.3745488080169,18.8329652679649
89.2129747313534,80.3476140822181,48.348478561915,24.7731676011691,72.757322712828,42.8068671672261,84.3110217064385,54.5259701946116,11.9209534988311,76.5241263414108,85.237788926725,47.8189628732056
24.2801534391264,27.6077631063505,-31.6446290716466,-60.6373825134413,11.6375674432142,-66.9612433867337,34.1658719343187,66.883219234226,-80.8491486854335,37.673460294127,30.9446253810574,-47.6364323830531
74.526993136182,81.153856270601,100.482988636486,96.8216782390545,80.5803491742916,123.22627203756,104.510625926045,88.0341489377351,104.260888577923,87.2924389692907,99.285109146985,104.701292122419
80.3470672042763,64.1822387485006,113.240212120846,100.268400623837,69.7119769808645,65.6234916108827,56.577137343722,42.8806851619222,88.8954176973296,58.7220978706256,59.5149898917463,119.76413601733
186.650525748043,165.567332588863,150.083306116444,64.774904550539,166.070483980242,49.1465877379029,175.011986408902,187.481416276749,12.1534422131819,174.047125798758,172.757313319723,128.832306847345
79.4873655876883,66.8041695472757,95.1428647548861,69.7349976300364,76.8050808100665,65.6982343907439,67.5736580856038,53.9063046391998,55.4832106210818,64.9454604791948,68.4004219549925,94.1656215223326
102.000073816489,105.433634793524,123.958613043047,30.9199727113096,112.065860190674,138.726116390583,117.687919498037,119.09649879299,27.0800372849749,111.082714417851,114.53812170384,135.212721559039
39.9672941799089,39.0415171093386,54.4690559639072,30.9199727113089,43.8379091779055,63.46536726343,45.0602191248008,44.3163800351778,27.0800372849742,41.6997978965099,43.6580883697991,64.6884954420788
-4.4865935584542,-13.0562185165176,16.4083643376399,68.3427025701508,-5.20187398187248,27.6569063010053,-9.08403429941007,-13.9490561772569,59.8552576690563,-11.6560669004149,-9.56794476507499,37.4481937560004
-2.07237892938124,-6.03072950524854,7.5791016226241,31.5678197585935,-2.40277036305541,12.7748567199882,-4.19595870020371,-6.44313547235202,27.6474285423737,-5.38399280638209,-4.41947924862989,17.2974990206287
-34.9091289900464,-41.0968279397538,-29.4080411488294,30.9199727113089,-38.5163712844613,-27.3778245578433,-42.6047615332697,-45.9466687853462,27.0800372849742,-42.0485791495215,-41.8973776485348,-20.4374948714885
334.493717387712,288.758216068796,242.399958581356,97.2015859256121,282.342032059795,13.2683294395633,312.74011794216,331.544284696289,-37.5518721333197,302.678354838547,305.808248996116,202.117361162547
334.493717387712,288.758216068796,242.399958581356,97.2015859256119,282.342032059795,13.2683294395633,312.74011794216,331.544284696289,-37.5518721333197,302.678354838547,305.808248996116,202.117361162547
188.140577413399,161.554236047092,171.551945214572,186.06180397606,165.147331521776,95.8597700949666,166.38120586539,165.064114793386,143.112896589655,164.359932613448,165.72794507508,177.489922402316
141.819000643224,123.625341343141,122.501165299885,120.911774176455,122.609474692007,69.2540150611188,117.6716298551,114.068639474304,116.863555561732,121.302501952684,119.854754683787,122.42540816079
54.8207893622408,46.561498411041,45.7695684744858,44.7492740884055,45.9417718122314,22.2929283233798,43.3798826649707,41.615892168297,42.6484345173391,45.2646325923831,44.4928770368023,45.6339623223007
37.3156252698562,23.8898256362456,21.0768137141861,17.7995418581669,22.0233509030667,-13.3158936535567,16.1235981611292,12.5607079056556,12.9591048581299,20.4684955877651,18.5934501604064,20.307987408103
-26.7337231806095,-40.7242370685344,-45.5883714342058,-51.0541651273139,-43.7575342521167,-76.6523993668103,-52.1037751002967,-56.6975506424051,-57.9039912213033,-45.9531069454812,-48.6931223887327,-47.0842572565435
6.55334400126263,8.16859567695829,9.99378823466937,11.9862943555511,9.25037610952704,13.3945123270654,11.8429659118006,13.1112967863314,14.1148257220839,9.93094937726995,10.8131382165461,10.6034757819388
-30,-30.9535254161171,-30.9535254161171,-30.9535254161171,-30.9535254161171,-30.9535254161171,-30.9535254161171,-30.9535254161171,-30.9535254161171,-30.9535254161171,-30.9535254161171,-30.9535254161171
3.87801007148305,-1.08086808716603,0.732819082345659,2.97879358591868,-0.21393123261455,-20.3122847502246,1.12104331796565,1.54827294698954,4.89704213156492,0.0468471249544411,0.591146601913728,1.56496017312213
-22.1942890800579,-28.9914393958642,-28.4777292136008,-27.6505917308241,-28.8952314177706,-51.9732044920366,-29.4082406385625,-29.8853313986615,-27.2485981013409,-29.1196656028738,-29.2040813887394,-28.0795709813034
-59.4827112098496,-68.8942481824941,-70.2443075892162,-71.4520971235432,-69.9024445161183,-97.1841479297672,-73.0614051812332,-74.8326709629405,-73.2233956313426,-70.8213561241926,-71.8062223826842,-70.4689847952801
-18.8846015799725,-19.9562803761822,-20.2236704086409,-20.5800114489648,-20.1258508120598,-23.0061076353537,-20.6937834749376,-21.062148147615,-21.1361373169169,-20.2661227888143,-20.4466897591006,-20.3087482642361
-35.6098806121849,-37.6306992048371,-38.1349050834955,-38.8068420502044,-37.9504508793104,-43.3816272361735,-39.021377064075,-39.7159864769471,-39.8555046698132,-38.2149557101011,-38.5554430763382,-38.2953327349688
45.944240329505,39.0344260641403,35.5505129279819,31.5612823081211,36.9375301728352,22.4677264699293,31.4459677030649,28.498197592292,26.7934016497655,35.5213912549185,33.6893651119412,34.3989846402668
1.18165267442656,6.14343671450914,16.3673747969731,28.7076512338941,11.8645100995857,4.98274740048537,25.5239694499221,32.5835499000632,42.5290990910715,15.175266816111,19.894946334274,20.225153182303
0.377441240091969,1.96232482025751,5.22803559296103,9.16974312025078,3.78973915261909,1.59157965670151,8.15281756623065,10.4077752685211,13.5845635932898,4.84725473885896,6.35480575509697,6.46027979573878
-1.81572275513557,6.27945161826131,13.0234243969524,21.0711897701109,10.1795612440826,21.214426464504,20.0511702085937,25.3357217216133,30.5140325609992,12.6320263333294,15.9767416763638,15.4375769925816
26.9313842967651,35.6781154369934,40.8514035329419,47.1717325099976,38.6240830927808,72.753647813626,46.0603075651626,50.0858674342017,53.5128649954534,40.4345792140158,42.9649004697346,42.761906193406
-10.9414923753265,-4.85626815476505,-1.57405991839428,2.68183581332166,-3.0311319311864,26.8046981350742,1.71891330026346,4.43035704387091,6.81759945661109,-1.92577697117218,-0.309490532903922,-0.295253807647988
-54.8160817440883,-51.8141332993158,-50.7226842445323,-48.8583723817346,-51.2874466037604,-26.425779088166,-49.6492592907672,-48.4601795831789,-47.2774622605177,-50.9989764862533,-50.4415719130097,-50.1756796012187
-22.1143172733756,0.455942530088382,-0.0278631237928373,-0.131361181695144,0.264237845138116,61.771035101776,0.991322755123569,1.99545555233183,-4.14674714451939,0.401625413949613,0.553114463680426,-0.23851812807667
93.1039412558286,79.7972574319097,79.3826784038021,76.4998237193267,80.441581069813,33.4655167316584,83.1595048160893,84.165716326067,58.7679404210348,81.7620852892169,82.4312472845063,78.1474096688833
12.8099295776013,2.0622249007455,11.5107964729157,25.78334174362,5.67942429769195,-14.051969591322,9.47428967337838,10.597399148517,26.2493410279237,5.57505709509862,7.58203716546655,16.9655769053824
-52.1606248539351,-28.5926260620976,-30.4967517958998,-32.096037773853,-29.6138961215832,36.7368417543434,-30.7220199946934,-30.5321243131787,-38.2125949663111,-29.965156282924,-30.4505019397159,-31.1881717357811
133.430120588078,122.9464365772,124.54265279686,123.853584886789,124.783035526475,82.3472143004248,130.359005839295,132.763235544192,58.8002482497433,126.854131019073,128.495669119608,123.978467395551
104.352201576571,83.2433903366987,86.3113943985662,88.0635765988345,85.5042307920184,23.9906800985636,90.9027758336148,92.9947817503255,83.4924140828982,87.2904015127947,89.0392886382494,86.7523038603909
16.4237737368145,-7.14189608186584,-5.83842820764862,-6.01086778953581,-5.92734741243393,-71.3758061924304,-3.03631960400725,-2.1704525744235,-12.6313152042376,-4.79980313116366,-3.90406494208435,-5.98633489246096
-20.4106261534267,-25.5762520946678,-23.2990800019367,-20.365990827417,-24.3780190336441,-24.6216278001683,-21.6537997028633,-20.2324220630435,-15.9797019545209,-23.771996718026,-22.8048950006919,-22.348453818736
-74.0065331027463,-116.856965508174,-114.215985059742,-110.891333665394,-115.734427065475,-198.25038804123,-114.81826230666,-114.975188302232,-99.8481515642796,-115.663211558146,-115.147319327677,-112.864547843426
-65.3198707521473,-45.7858703949199,-48.4270287292702,-50.8856418146665,-47.2562247796083,9.3522600554909,-49.5935456144648,-50.0885625920736,-57.4169227879395,-47.9232655201373,-48.8145116322678,-49.3583260892295
-50.650215204907,-34.3491940824531,-31.8120191894379,-26.6106563671343,-33.7359574749511,18.0848109660774,-33.4406636286788,-32.9725895086625,-58.8002482497434,-34.2658043554353,-33.9095085876693,-29.8671153106477
33.0461392074797,6.92631229925291,6.43384062595245,4.29916186702968,7.07688062757534,-62.5208014543398,7.41795759916428,7.03578002008276,-4.42421146637137,7.53542999926977,7.56339625924713,5.68540833371614
169.766289035974,143.927757082338,143.616288780643,141.680873450391,144.185142986905,75.0699393106851,144.782239098478,144.525882939252,133.177094717657,144.71051387787,144.825688578174,142.92892861629
69.23913670525,77.8475923767579,77.9984527975108,77.7146030057288,78.0889027044378,83.8619756218092,78.8151374182308,79.0814984428613,76.1545786088815,78.3889830035616,78.5958555566568,77.8583055843694
59.8437799381129,60.3065938939856,66.6011404591697,73.9212412025552,63.8854367484298,72.7467893410406,72.3145628499362,76.527131264637,82.9978702895087,65.9887037979569,68.8971552053742,68.894312217479
5.61091929998954,9.74791793441014,6.72167508208092,2.96948016060599,8.10617864162668,6.66557501554901,4.31950565603019,2.37808966787463,-2.29566780958619,7.22158856316042,5.89283955298607,5.52024789943544
-9.86717388877008,-82.5320418427699,-73.7388786715626,-64.6418588724929,-77.2829330316737,-203.384248622492,-65.2738615622877,-59.8116961532858,-55.7028548796209,-74.0357695891308,-69.9200544953994,-70.887558216871
-8.41674147658458,-20.6504768626774,-18.1268380492454,-15.6189528583542,-19.1363031328801,-59.5076954191223,-15.7883430578926,-14.3535985111508,-13.3231669912773,-18.2108473387359,-17.0571855891228,-17.3261297701153
-7.56937267716429,0.759058817924441,1.09479904173599,1.30954045266169,0.969369602622017,-9.22914654558173,1.3008569962754,1.33825727129251,1.30349630656266,1.08500660560129,1.2066729850216,1.18097432627655
0.675949694477307,6.59464928840428,6.66964264628169,6.51078118181343,6.65705126824423,-17.1304881931316,6.53293648957851,6.27432515856592,5.96763758696341,6.66986276427677,6.64169857203807,6.65349419394337
-0.20816987161032,-9.63316053154239,-7.28737342074055,-4.96330779978187,-8.2251692573367,-44.6999445264596,-5.11993576176202,-3.79543998127289,-2.84785721134135,-7.3653798261659,-6.29491546320702,-6.54430587344452
34.6251443760685,25.1691955715995,24.0846762383543,22.5018712789172,24.5561557151947,-34.9684528720569,22.6335034747748,21.3650234522282,20.1922564265084,24.1266574832733,23.4957411938826,23.6541395035341
6.59074777347537,19.292649463556,20.4509266341257,21.9213558064195,19.9637914651385,58.9595994059495,21.8064033458884,22.8771563815183,23.8116905283615,20.4086512622011,21.0236051549885,20.8730887541342
-46.9721255363779,-43.7864570312389,-42.6986662586946,-41.4803752708115,-43.1440259846591,-35.2391598906405,-41.5693833440324,-40.7737405955069,-40.1311598326223,-42.7364757050418,-42.202466063702,-42.3300320969965
24.592283718062,22.3512062280014,30.8145890078336,40.1635001749594,27.3592198344938,-73.6635071500128,39.4861093228849,45.5089300173772,50.3208191963737,30.5219295678037,34.6419740893787,33.6604726285551
-48.9421468653894,-49.553167007504,-48.8115935094415,-48.0328242468286,-49.1113450728726,-52.8626029917631,-48.0874722129946,-47.6118851532613,-47.2486432856353,-48.8367665468036,-48.4865709925429,-48.5691466043798
-52.7280699334097,-60.4028159049072,-55.8002162599745,-50.6660023285926,-57.68306477904,-167.47177711112,-51.0402141894717,-47.7002613541398,-45.0111112659686,-55.9599542721587,-53.7059812388144,-54.2439891141889
-42.3086679686312,-43.8574515349562,-38.9370738607899,-33.6753487351361,-40.9329924211567,-140.908910538872,-34.0489557897186,-30.7713678618909,-28.2245864019877,-39.1051987972269,-36.756334572609,-37.3122444874414
-104.864467970642,-116.203086252236,-114.203776902171,-111.91149426458,-115.026289314619,-167.471777111121,-112.081275340873,-110.550355444228,-109.292548656261,-114.273887227174,-113.278188907817,-113.517153167818
-139.252924394659,-139.252924394659,-139.252924394659,-139.252924394659,-139.252924394659,-139.252924394659,-139.252924394659,-139.252924394659,-139.252924394659,-139.252924394659,-139.252924394659,-139.252924394659
24.6263174092884,5.83899469602809,8.56661239325307,11.5442680571363,7.45563697298683,-52.6261734834177,11.3300741091948,13.2255024708169,14.7252035698989,8.47270428542517,9.79107142435423,9.47774614551609
-26.7727348604637,-14.9664235948002,-11.9865472763792,-5.92651134741251,-13.1726869282058,-5.35840444638629,22.2261396294645,12.310700971268,1.04086984455702,-7.72745452031209,10.6155903728492,-11.042233528763
25.5814985656226,17.989621680693,19.452986405535,18.6960792053925,18.7636151043106,22.0399127584439,-9.84823339176497,3.57545133927815,17.6810220263083,15.0326584342003,-1.00906619515979,20.0949523907789
51.0192118452702,72.6770803680532,89.4017361456883,107.506405048765,82.5913070274378,120.515221264788,105.699997059512,117.051078189945,126.84075136444,88.617805747657,96.5019022493731,94.989981508089
44.1849773317079,55.6312431237572,62.4280597905301,70.0010530166521,59.6580488930142,75.1401084171076,69.9603703929537,74.9544193090085,78.0973422651201,62.4021783982855,65.8869538471668,64.6969299868194
4.46765033957206,9.93874012948766,15.1622079797193,20.711386643729,13.0362832567172,24.8465202092799,19.8081421919092,23.1670190584783,26.6330992334774,14.7742475877251,17.0993582251235,16.9085951072084
-79.6656109278132,-71.9322676620124,-66.6638393106297,-115.115201964255,-68.7959437417291,-57.0504148672043,-61.4150775863436,-57.8452004547984,-115.115201964255,-66.8434678781324,-64.3301119577217,-64.9259013563679
37.9493445509525,51.1449844701086,60.5208792690153,70.7562528993968,56.7020198023146,77.9901765197111,0,76.5353168096394,81.6903793204538,60.1980801683005,9.76547534295715,63.6528043249504
62.55324999798,66.295109586663,22.0439733718683,-8.77753430325434,79.8981764870526,33.373661427308,85.7627003855987,81.255602403151,-20.1505172297614,73.9342384989184,81.1968539672728,10.7182010902388
-18.1865277544697,-12.2497681361001,-22.0439733718681,8.77753430325399,-21.9275877157555,-33.3736614273079,-18.554633012758,-9.57967679816143,20.1505172297614,-13.5200403150822,-17.6370803124763,-10.7182010902388
