34.4978115339385,27.7729303340413,21.1951645124389,31.0193814201094,31.0424639405582,29.0702477313651,29.5596748779339,32.335842725239,31.6205232295831,28.7099894889999,28.0765425715056,26.762495625129
32.0115837519168,6.38953927083055,27.3347461600054,22.2294207850223,22.3025558235758,16.705966540331,19.0025497738529,25.9738103738672,23.9339573085287,15.6193307593771,7.21579080375179,6.22428850865795
-67.6306387124832,-62.3879530581483,-76.832876772734,-96.6588098926064,-96.4372759804867,-113.212758029417,-105.753052626452,-85.6183468652635,-91.6005918747583,-116.463201657545,-61.0575276822971,-84.922052335795
-45.5004692630694,-99.8028831751809,-53.9297372773984,-66.1205716835245,-65.9660492717422,-77.7654547815578,-72.8842441113351,-58.2258231648835,-62.5269195864059,-80.0592148743248,-98.062407885819,-100.034368610218
50.7021598404481,101.178622221259,15.6283867882141,68.1019928212767,67.9649213664226,78.1647544620258,73.4186479065054,61.3480128960089,65.0220838297898,80.1974720188586,99.66189457324,99.8897248325558
94.3117897281052,139.100859076068,56.677484762151,109.998749023768,109.877896888299,118.675208828376,114.473881991534,104.032848601972,107.294822517889,120.412794208876,137.857281199144,137.522986633983
-105.979473642453,-105.979473642453,-105.979473642453,-105.979473642453,-105.979473642453,-105.979473642453,-105.979473642453,-105.979473642453,-105.979473642453,-105.979473642453,-105.979473642453,-105.979473642453
236.544356513775,380.230767768609,205.346405527261,318.486323547187,317.852846682878,365.361583786244,343.613212164794,287.155753767697,304.152543003549,374.65717741899,374.435186157495,400
-105.979473642453,-105.979473642453,-105.979473642453,-105.979473642453,-105.979473642453,-105.979473642453,-105.979473642453,-105.979473642453,-105.979473642453,-105.979473642453,-105.979473642453,-105.979473642453
64.232612678235,108.605892875172,49.5295384176929,75.6296544923245,75.5360503205811,82.2481371675651,78.4926785601603,71.318039584421,73.6370394017194,83.5748074358762,107.562787927263,104.299634887531
72.711088697774,116.861309314016,58.9554046889106,87.604949149779,87.4846000642267,96.2186165132437,91.5572675205002,81.9635708415391,85.0029477125934,97.9372888682622,115.653356016135,115.153854221434
51.7164122493639,107.097858493477,-3.61732389052207,69.0242851363298,68.8919697943713,78.2625085442801,74.4214459164735,62.0160403864247,65.9736911430553,80.2676531469228,105.57655331579,103.066947250695
-16.7297560437496,-52.1631710473866,-45.9895498707466,-31.9772237616498,-31.8687462620188,-40.5584264576375,-37.5963602119711,-26.1691575850638,-29.329747007838,-42.2028316507372,-50.8567824544304,-54.2170497738869
6.61554530540136,-4.43532538269684,-11.7159535901848,1.16569861791468,1.20249381876117,-1.89133939210704,-1.05395236976995,3.23150638224668,2.10861290669321,-2.46141314957442,-3.96175453986611,-5.81316741180085
37.4392962219684,50.3563486164071,56.677484762152,40.0603508424609,40.0343036260735,41.3739332085738,39.9177133084059,39.0809992841582,39.6282513300594,41.6858674685939,50.226046158609,47.6200517961926
34.4753980350379,39.1754935203072,57.2046952671022,31.7986718767018,31.8016360006204,31.2221119533728,29.0960462494433,33.3038212299715,32.2819829272605,30.9900870427152,39.4392054709351,36.1589366239227
2.30651693945356,-15.8189216170244,22.6231387592414,-10.2269778146745,-10.1552059957542,-16.1383463754619,-16.7025614208231,-4.83604349876867,-8.02329844479639,-17.4427655686404,-14.7049815591214,-19.8406644522259
-44.5474924569053,-84.1327579643621,-46.4334546291127,-65.3789625111268,-65.2442693513087,-76.1860543077405,-74.4978633917797,-56.9451297033494,-61.7390053447623,-78.3989853722885,-82.3221779917893,-88.7589162186737
-48.9434255785296,-95.7899371195085,-44.590920253098,-73.2510983626003,-73.0938942660736,-85.7974326550921,-83.8879286134735,-63.3665973528136,-69.0001902596613,-88.3865596827777,-93.67278271809,-100.855579722956
11.9902530813481,0.301314608139069,40.3156704823389,2.90538181588149,2.97373639725697,-4.23349852175696,-0.692412473424034,5.42647374333469,4.47448771235104,-5.15659858358237,1.15703199033668,-7.79426948865467
-34.1994531467206,-46.299908976284,-15.7363994660566,-34.0191110358624,-33.8891779589456,-53.095029562781,-23.8491899464607,-43.4868812568472,-34.2624128898525,-53.0481899620913,-46.1028368317998,-72.5452595058578
-65.9378148233761,-121.298562782955,-61.8866247305356,-92.9259050967032,-92.7276465192745,-110.153578410145,-102.851080357892,-83.5721231553578,-88.2438868360782,-113.030140162783,-118.917408460862,-130.981448016662
-56.7547745019843,-44.5547112754745,-43.2572927800452,-55.0397445430208,-55.1265147063569,-46.4525643850006,-60.9212996311893,-52.006811913912,-55.272294482696,-46.1407775825241,-44.3906005594543,-33.5528868202213
66.7687565650752,49.530645182072,63.9035331366504,56.4156333280912,56.4164284972491,58.2021873450393,46.2689344764308,64.0543270659629,58.281426891877,57.1971900017828,50.7230182833838,59.4625060022956
85.149400152058,113.758258958514,114.242945524189,103.792698972803,103.730199148207,92.5601543756845,112.917718287638,85.79827412183,100.270484855029,95.2385270359163,113.643113343015,98.9469051637017
-27.1302669087229,-46.4837089898205,7.06269648674933,-37.6865870206815,-37.6526940244307,-45.6025242950665,-46.6415421915574,-34.7421925945383,-35.9198976876439,-46.4084695982987,-44.5628044779511,-49.064646672944
36.504847306292,37.8527242669351,50.4458428355965,43.9725311457697,43.9911204841773,26.4423220965895,49.1478488147444,30.2432338591795,42.3934709399799,27.901297522861,38.6897926589276,22.0505393619358
-29.6273418711457,-65.3407246635954,-36.2862128038373,-37.3528881238149,-37.2240582023558,-63.4447615846363,-37.5471833129685,-45.2837515374907,-36.2902337985732,-63.6435546820966,-63.209122902563,-82.4899428249085
-102.328230408195,-178.78404964295,-131.633086815729,-126.756101824838,-126.506081474929,-162.260042507754,-132.853356385841,-128.312591428611,-122.789339892453,-164.281264987382,-175.229332643475,-197.414097576286
-59.7045647536387,-375.51864221799,-73.4733338873813,-154.267895415148,-153.282879833208,-317.351277246798,-182.742709276613,-173.336880442481,-139.294294569889,-323.903853637271,-358.84866018366,-400
-123.215625292259,-50.8169934001033,-131.277862557552,-109.599860149425,-109.819714989538,-52.1284892119138,-105.386613696727,-89.7202669104837,-111.287596436313,-52.4648457007482,-56.129344656014,-28.8103350442084
35.2085070228362,33.4496179661416,27.7424991359563,49.6885706206223,49.6887312096119,11.5209767974581,54.5319205472047,20.7972275610942,46.5301340406269,14.8574681747145,36.2035629394856,-14.745584464648
80.5288635673571,151.168606402818,65.0006184151838,108.624692307978,108.404998056855,127.928469422325,117.681288687258,99.6129424873906,103.778519441094,130.928604310746,148.610200120252,124.980062327924
64.4536238039733,98.6024100263546,94.8092289509845,76.5688075940002,76.4619565032906,89.652981217969,80.3512026466381,75.0797676491786,74.5440883069794,90.7762362213553,97.1126041027979,114.346312462746
-8.14962497306402,-14.6885567184736,-0.409590974033591,-12.7143345576124,-12.7001579827302,-9.02958743011242,-14.8269710021032,-7.83756169283767,-11.8388465525416,-9.72631422439951,-14.7571586956378,-0.423495249477179
81.4508450282121,252.871615630329,78.9430290402183,160.085250490324,159.42575964573,191.684968728351,174.46542848466,123.129270340009,146.116606979861,201.710323502082,249.27915455821,225.547148839804
-34.0428211291011,-221.642163874431,-27.2531209868808,-133.98685491903,-133.222756829126,-191.0066106571,-165.476059419593,-95.7858702882948,-116.522974913272,-202.266451487451,-214.312723038738,-243.007461093737
160.130827596658,161.889716653352,167.596835483537,145.650763998872,145.650603409882,183.818357822036,140.807414072289,174.542107058399,148.809200578867,180.48186644478,159.135771680008,210.084919084142
2.7791678893117,41.6480164341374,0.948309039734596,25.1853743030441,25.0842592311171,16.624051682081,34.4942547060492,6.00530030130797,21.0092753348856,19.7641419922757,41.3333103582482,3.04727083787086
-58.0099740567261,-92.4912342166909,-65.8012047209006,-74.0296160353965,-73.9323235978383,-76.7999338560148,-80.1906708806762,-64.7811152626536,-71.1624079567138,-78.7465348540938,-91.5838230528482,-79.241768166847
19.8842158632811,152.82250570736,-6.49981132998985,62.4568936785054,62.042951464852,124.705563863066,75.6920323130217,65.412617354868,55.5628208431509,128.051483013614,146.207942125993,135.430613380905
-38.5629411986224,-70.4426778651909,-68.3436021686767,-47.0441340390587,-46.9400776891198,-66.7540289778377,-49.15089227647,-51.301488759046,-45.7679018045975,-67.1827950966151,-68.5831711952706,-97.1121342163756
-12.9311874047967,-39.1349465376493,-11.15629196581,-23.0007442796654,-22.9256315259186,-30.5100644433689,-26.8056905244165,-20.0955429349627,-21.2781153745432,-31.5210444387032,-38.0839645032166,-32.4738229549212
37.1091867440068,-46.1896085010691,37.4556145730621,-9.26411217133651,-9.05179899733042,-12.1682064088464,-34.3380792207589,20.0085574344032,-0.877928699967656,-17.4779674175293,-43.3906137421933,-28.0844767616662
7.05884155194525,-94.1992127423531,-10.7489865898732,-47.2756985246862,-47.071255263094,-50.5023519980744,-80.7265757756418,-13.0567730407057,-37.5508245241081,-56.6045435098989,-89.7113120668822,-73.3474914492325
-23.7702436418516,6.04020297881203,-34.163123656711,-30.7852460254207,-30.9102380587106,-29.2941670011928,-37.3569664019797,-25.6651894989048,-29.7443455118618,-29.7180701646989,9.89258971190612,-38.3701153057293
-36.498238481555,-6.04020297881208,34.1631236567103,-39.018565258244,-38.8248648653392,-45.8318102846664,37.3569664019785,-40.516810315779,-38.411484355329,-46.4357226750086,-9.89258971190639,-45.8194297113633
-28.8546940388702,-137.425079305864,-42.6264136796851,-85.6644150075314,-85.3769005030341,-94.3936223274755,-114.394935031484,-52.4276711205005,-75.4745151348431,-100.828327921987,-133.751221846708,-120.229971637426
52.8328693169584,7.46728660542453,-39.6684309903936,54.8641702576141,55.0322344573342,49.7105082359605,-36.4283260477899,51.8694445825817,54.8268878792173,49.3531842807183,4.34958391541027,51.0993681248139
-16.5516031587138,-17.2005188729219,104.601825158979,-16.4737681884446,-14.8348374629734,-68.808387980001,134.191824404017,-38.4893005310843,-14.4997716038127,-72.5601875047604,-50.6380079585313,-54.9348313607769
75.2087483160876,87.3759371485923,-30.8294816946109,61.2460752517109,60.1089885461672,150.635842388579,-63.3668438288813,112.004986268875,64.4581513474257,154.24899482076,95.54389408306,141.5303091506
5.28107985900705,-24.8536528930229,43.2950051692283,-30.122920661206,-29.6390415076353,-18.5550085738382,7.37032247243676,-0.265829394461958,-22.3319186637374,-22.012319539487,-37.7493851029315,-27.8302527772128
-11.9768672220577,-48.4362111159823,22.0140482721643,-49.7877525413056,-49.2885727775459,-39.8429696297273,-13.5833105268073,-19.1629663040264,-41.5957010828212,-43.5629237415083,-60.988540331154,-51.6236707817532
44.6371614393442,-312.624062851408,61.4006854564382,-148.421341410482,-146.997913064975,-198.873221563415,-199.134073831963,-44.3730335699047,-113.830381314266,-223.494908544754,-304.45610591694,-258.4696908494
-42.5108786505859,-90.9553100962745,-14.7257923671837,-85.476245237215,-84.9378814350145,-78.1287270903692,-50.6322371997013,-52.747114434107,-76.3784198935173,-82.4010796262442,-103.217189334267,-94.5912379661155
34.2084823224223,-9.33858125501739,64.3804210627772,-6.58828736932886,-6.06700579091264,1.77024072504812,28.6979382718787,25.212701962047,2.12409874835924,-2.2706424541421,-21.6812826988123,-12.7861175394407
-3.86395477148582,-62.213751044487,18.2468048019421,-50.8610801884688,-50.2942514355074,-45.8442209923751,-17.5575896230862,-16.6426356199821,-41.0707372372752,-50.5520780054022,-74.096984194224,-66.2015193112406
-17.5781986095102,-80.9653891409021,1.50991683702335,-66.5683561452109,-65.9880357828179,-62.7829864067739,-34.1528036656686,-31.6552659556178,-56.4399149886404,-67.7070369442362,-92.6212565934136,-85.1273637761946
-1.21542673122672,-29.0672594896204,16.7196223150409,-78.7404489610865,-80.1910955677769,-36.2454227349067,-17.2374674489295,-11.5039213689834,-67.308821148218,-40.5108544365861,-64.6967503150391,-94.3913230786352
55.4970855191895,-29.0672594896204,85.5702259244791,-13.0552124481683,-14.570513473703,34.4479605566249,-17.2374674489295,50.7731983295334,-3.17433160912941,31.1497010838629,12.9908725667939,-15.1691420161969
-53.5657802498385,-101.473689999509,16.7196223150406,-85.2001871270913,-80.191095567777,-101.501280038446,-17.2374674489295,-68.9908691864701,-67.308821148218,-106.659491941321,-136.408870982991,-94.3913230786353
-77.2665433706324,-129.092945101172,-50.1781057105152,-70.9209781034276,-68.7480038320074,-108.10552361971,-39.0282397387474,-89.4250108304221,-52.2166986506611,-110.767086810692,-142.347408695866,-85.4477547809249
30.0619862194665,5.37452330570818,38.5169111901381,71.4720835247617,72.6727717655192,-5.44702584166452,35.6618660946179,13.3626881600798,52.1093592616173,-7.71026590459676,15.8345001439534,30.0628239023911
20.5446412079367,36.9901099328884,29.8498505022789,29.0645167115796,30.0368027422423,14.4701660837823,43.8713937925185,20.8089883790286,17.8432131627718,13.3285567404776,13.2756694999501,55.9469996564532
-24.1324274129481,73.0475676316877,-14.5959984069123,-33.8560456835427,-32.5700441192623,14.4464086802149,44.9519482927929,6.71472306467908,-37.5110251798651,13.9582617692795,18.6966612312952,94.947443160571
-3.36974521019493,-42.5231343677887,28.322762866865,-43.4154291137449,-42.904195756329,-33.9543667394465,-7.43291713129526,-12.0330798039078,-34.9304299500199,-37.7408089943678,-55.1833490412826,-45.6616137488421
-3.36974521019493,-42.5231343677887,28.322762866865,-43.4154291137449,-42.904195756329,-33.9543667394465,-7.43291713129526,-12.0330798039078,-34.9304299500199,-37.7408089943678,-55.1833490412826,-45.6616137488421
-43.9126222822299,-65.8976662307181,-15.1868457722062,-14.2792090236637,-11.4430917357697,-77.6773158183366,11.0017443749564,-53.8134402189928,-15.092122497558,-81.3270396819015,-86.6816439458137,-9.86301997394648
-31.1552802324169,-34.5166998120891,-32.9153252319838,29.0645167115796,30.0368027422424,-49.9749134497589,-18.8740527617812,-35.9637072428479,17.8432131627718,-51.9982105594869,13.2756694999498,-16.2730515233723
39.7422048420475,75.8315017472234,67.309426619002,-38.9518033109633,-34.9110428639282,58.0072301144166,59.5136388351157,54.3317737971573,-6.41557871353626,62.4973208856213,2.78343707261168,79.2531387512067
16.7870618191598,88.1806990549409,78.225533518158,-38.4244042919224,-37.296374573128,66.9696295339837,69.0303845501674,62.7962164235995,-31.7326220544666,72.2856074599447,54.8589711397514,92.2489549547174
37.6683717861541,44.0208885437855,38.7769031924375,1.02555454783548,1.33392828218781,35.7626326292628,36.2476568039399,32.5309395510614,2.52749300515465,37.5203971825383,33.2361129345423,45.4042581926544
-13.5344499456759,-26.7983763598965,-23.384779350855,1.02555454783548,1.3339282821879,-28.0628012769851,-25.8944862573495,-23.6958811514827,2.52749300515474,-27.178246977605,-36.9040615585905,-26.121390260999
-59.64760022009,-90.5780528380961,-79.3674559197786,-52.3833505057124,-52.0224060279071,-85.5438487173626,-81.8595656111309,-74.3336340098796,-49.6204940356968,-85.4457056800401,-100.072150684914,-90.5372342332835
-17.2150936426236,-2.63969883802533,-1.76214894939379,-39.53955492632,-38.615240812432,-12.9651747666051,-9.10757994529416,-8.39819730739513,-34.0457017258514,-9.54564670400562,-30.3552040196955,-0.0294556180261307
-17.096776847829,-2.62155657797017,-1.75003796005089,-39.267805407926,-38.3498439683603,-12.8760670362504,-9.04498489412378,-8.34047773827216,-33.8117106486978,-9.48004088473409,-30.146577187945,-0.0292531739159885
-5.78099352862385,-15.9710550704141,-10.3192287931308,-14.7738050367328,-14.5781496033141,-14.2808500082751,-11.2636601861849,-8.70996585918977,-13.3636579191126,-14.2175773716392,-16.1269622305234,-15.8792056715245
-27.4802688714431,-10.6009217973565,-2.13609382895044,-50.7361339043044,-48.0633249053795,-20.1488155511051,-28.7838284694217,-5.80144857378144,-29.4231214907896,-10.9085066741176,-27.0712366574493,-5.14993687013749
9.68739567890253,68.0738271730814,46.9648860667469,37.0846316099936,37.8589684839682,54.1215170246357,34.5334578331318,37.1119703553045,43.9615764665049,59.6693034064288,58.3871469946594,71.0912545607268
79.0697165908836,88.498756880761,76.9316267579701,38.9518033109631,44.6730764027476,90.0944209705234,84.6820747867006,76.1379225551696,90.8701815956134,87.6305425167497,99.5184193308594,86.7162245980035
-4.38864038718756,14.7935762383301,13.7333247808184,-38.9518033109633,-34.9110428639285,2.99716914243662,5.95437774568346,5.87082890721162,-6.41557871353662,6.73465477853623,2.78343707261173,17.6063932190823
62.4850922674793,101.377973936128,88.2973095279394,39.4499588397577,38.6303028553157,99.9580505542637,94.9230573144695,85.2841703392118,34.2601150596212,98.1943359790657,122.519355221602,100.14474772395
-20.8813099669945,-43.8352608574548,-37.7891339920722,-39.4499588397579,-38.6303028553158,-48.0980286324871,-44.4307581761915,-39.598242711851,-34.2601150596211,-45.6248053216986,-65.528422858273,-42.0280774601126
3.16186910193408,-20.7100861331445,-15.1132751644155,38.1227437900923,37.4574993890079,-22.942276159492,-4.63835395763983,-16.6200502914882,29.1123886886684,-26.0133537367965,-13.5722173155714,-21.5606066524295
3.93407630595917,-18.5162707058378,-13.7253956140796,36.7572718320887,36.0478460667166,-20.1922021309102,-3.14218725340172,-14.9624450117874,27.7149862013893,-23.3493457096,-11.3688411170593,-19.5006582003676
4.13160314977303,-19.4459579379301,-14.4145368164602,38.6028252295157,37.857779760443,-21.206036547525,-3.29995397742193,-15.7136974809984,29.1065336257268,-24.5216977954377,-11.939661591556,-20.4797707459928
5.2536275604596,-16.7732583728071,-12.6779634825121,45.3477903946486,44.5768294108146,-19.6988314540615,-1.23834007100805,-14.806223102843,35.3117763725344,-22.9827585341637,-9.13778128249545,-17.7070772216186
-2.23004830951568,-7.99984493909545,-10.7695783137117,27.1420689929813,26.5621232047147,-12.7920542202857,-2.01934826407957,-13.5124758125209,19.7372082331266,-15.4832047949189,-1.12684113952524,-8.39012367560614
-5.03136666658337,-13.3287969827591,-14.8176613833642,24.5358173479583,23.9505730991486,-17.7311219114289,-6.02436689480954,-17.4149483312086,17.0025595005715,-20.3598809165333,1.11017295807976,-13.7741559063899
-31.9517033413135,-62.1734837959274,-48.9674334826987,-18.9057334658187,-19.1793999860245,-59.6163277609559,-45.2481137725847,-48.3654264345013,-23.0749087938989,-59.9198105345746,24.4383636254156,-62.9300335552287
-15.4236028613255,-8.26733352986446,-16.609772507964,-6.24007590308189,-6.49488786178196,-9.45027493888828,-11.5616343102076,-14.7219406686057,-8.24130937209766,-12.6078476157224,-25.5652047649408,-8.52387715783518
-11.5403224843783,9.98788883562831,-7.20074164043467,-2.52236320144554,-2.80429013921868,7.30478725269368,-1.00420608704148,-4.60020251710098,-4.01133476215563,2.70258486634933,-46.9182419217098,9.87675384151689
-10.1162246477147,39.4797231190264,30.0201381334375,-103.39166543255,-101.586108497284,50.6657332173511,3.98035235523402,38.9747348935563,-78.8613156566392,56.804092559851,-71.5619378383643,41.1552363408113
10.1162246477145,-39.4797231190264,-30.0201381334375,103.39166543255,101.586108497284,-50.6657332173511,-3.98035235523473,-38.9747348935565,78.8613156566392,-56.804092559851,71.5619378383643,-41.1552363408113
-50.4544402412119,9.59298184958346,-19.3128345391017,-84.0496348483157,-83.4726510170746,8.75504916034746,-25.6289131843769,-14.7170155161206,-73.8361732335587,7.08508855272587,-148.363966269936,10.6837555384061
-30.5715868767437,-400,92.2301671510494,-209.667416662193,-207.106901611142,-349.509063951994,-135.767230003082,-156.37801983878,-178.288532661692,-377.743903365513,-400,-400
60.570664888926,-49.0727049686114,-10.7073035943355,187.441300280866,185.058759514358,-59.4207823776985,21.6485608291428,-24.2577193774357,152.697488890198,-63.8891811125772,219.9259041083,-51.8389918792177
-28.2454922965478,-62.124210719508,-63.3426553707211,41.9111393652182,41.5972986746946,-95.3984484965709,-30.0166891134303,-70.8474029789122,23.1879300676344,-109.897892180657,-40.6773677609764,-59.0284948027199
-28.2454922965478,-62.124210719508,-63.3426553707211,41.9111393652182,41.5972986746946,-95.3984484965709,-30.0166891134303,-70.8474029789122,23.1879300676344,-109.897892180657,-40.6773677609764,-59.0284948027199
13.0413112889548,6.54245723206794,2.96762434032556,13.5389366260663,13.3323260433951,12.0435334866908,8.61717715709531,11.5247251570537,13.2805050809464,7.23074570829338,44.6977671901978,5.60733278972074
48.574234797333,55.7147940542469,46.1350436854672,54.697255718483,54.4505750240338,56.3457376821723,51.7580973751094,50.5505225372293,53.4669872431147,52.150448712047,44.5954839700829,55.2724260616354
-21.7384205102926,102.241119286828,5.48445101593718,-145.189252813987,-144.277491274948,142.383977925747,14.7549612398532,77.5691810723719,-110.312690993329,109.680739777349,-74.5277333272901,99.4748323762217
27.9820651260671,50.1711845099121,46.8064828079674,33.971337286503,34.1307408901656,39.083359691779,41.1542145087785,33.5174487942673,33.1082502443163,44.5842358118378,-44.5954839700829,51.6697073995291
203.051322777913,-400,227.352236796214,274.276960688099,273.543173433606,-400,22.4401938416463,-106.891096033148,236.035471477272,-400,45.7674616910282,-400
-1.77296268375937,-67.6730443259796,-14.8330777855995,40.5059197088758,40.4844113209198,-89.6579896216517,-9.29008219817502,-54.8109062496738,26.328546918387,-92.3875474931688,-2.86216108734185,-64.8846192581799
3.13502370296574,-72.1143354652395,-9.90240465557875,41.2609486121825,40.9944358716217,-79.6601545043465,-16.6366716140512,-48.2905553941415,29.8102142212021,-81.9063335005625,-6.06064715129482,-73.9480321835125
-11.2546148341243,-223.118895906547,-24.139045691034,3.05420062361996,2.64300877602164,-165.255063628622,-71.696577274229,-137.057385697665,-1.88745350763586,-180.477831194754,-44.3984940395962,-251.282321983891
-48.1235164914731,-86.118958364715,-88.1644093483271,-3.0825409859645,-3.52586415481442,-65.163601846085,-33.3212068807331,-89.8519777910555,-11.9365824947864,-89.0706444066964,-44.4575091213313,-120.89652363276
4.14126072366965,-131.887232911132,25.5742672113904,-36.5967749650479,-36.1569371993261,-94.2022814474068,-48.1733339194112,-48.7958131233303,-30.3505590438231,-113.133431248718,-89.4468871913691,-116.308888031771
-155.210968109307,-59.4657089927875,-194.285502696226,-101.839068909943,-102.369942026707,-72.8438724875698,-85.8360512551119,-94.4387609256648,-110.26878284512,-81.6393565722347,-102.285490829429,-114.613728922478
-38.1780761309681,-166.993759062861,-47.1650319227775,-73.1739424045708,-72.7754807711784,-166.784372084181,-82.7386483936337,-87.5540332244822,-67.9201398890404,-152.000043089837,-124.970599481807,-194.921868129142
-20.4280130087744,131.399179088079,-71.5056770479749,24.0709285173572,23.6039909351101,48.1136631134286,36.9651757902331,34.8414588950722,17.1747189960168,109.225531508632,88.579397251438,76.2511591583886
-134.782955100533,-190.864888080867,-122.779825648252,-125.9099974273,-125.973932961816,-120.957535600998,-122.801227045345,-129.280219820737,-127.443501841137,-190.864888080867,-190.864888080867,-190.864888080867
52.4994236634731,-38.8295086257727,66.7953322719131,34.1093310934733,34.3174899245754,-37.892783947894,9.57933664530222,0.603690588969741,36.045181129356,-27.0442952756103,25.8784325499705,-22.0490943441025
73.8891110246104,-3.45980867292131,99.6718818372835,57.2741301863466,57.4833009379858,-10.4832539554698,29.4950297290566,28.6385355272941,58.5562901994984,3.80230293477908,56.586957007696,17.9796096340742
35.3006398364999,-93.6470552065633,23.416847146061,62.9849971398146,62.7652515130702,-79.950133132574,-0.598312148001057,-60.4358005747179,55.2499257482902,-88.3266157856279,19.1201416366889,-105.071586417672
85.5342587141028,114.515048480488,128.490465011894,87.7583214928165,87.8064412619377,87.0708499651514,71.2180530449137,97.4917547888616,85.9029422343715,101.332142334165,112.193209648375,134.291136456385
55.2768115881042,80.94002403129,58.1745180652503,44.6654346498137,44.8010734926348,71.7214022004575,83.7788855235088,102.370824203521,43.8316292669401,80.673569794998,72.6189419275401,94.162084237439
163.034218180508,-23.0363667860338,175.976929410508,185.022508131282,184.986363950761,-29.3555774355072,96.4000832827327,70.2328263647476,171.041859718904,-17.2705566557072,132.119960546863,-4.04296803469721
60.8293045331581,45.5140954968049,74.6213832848518,55.0430398709461,55.1588898170702,33.9619956037408,49.0715482421817,72.3696004650079,52.700034468824,45.1801946154086,55.0848360958336,62.0830103624392
110.191577015456,27.8641313230494,126.311619252261,117.738915894222,117.713086076523,117.566088116887,9.19846986691724,82.4583711602472,114.821746026812,21.1471739212392,129.487197497472,33.1117945532014
40.6866712872793,27.8641313230487,50.5739579800768,43.6371022558454,43.644627149763,40.8738323789933,9.19846986691795,82.4583711602468,41.519217224546,21.1471739212392,49.1606069504897,33.1117945532011
-14.077936313026,61.5883479965126,-1.55075291215709,-14.4354453726582,-14.3689005966833,-24.4194983567649,20.3314632934754,55.4997865018175,-17.9205658713728,46.741794729007,-11.5416304751028,73.1873067237771
-6.5026658207787,28.4479512174368,-0.716300154663063,-6.66780095784691,-6.63706360894416,-11.2794825743152,9.39119971174822,25.6356156698872,-8.27759471201501,21.5902575653032,-5.33113407659509,33.805565486697
-43.2089523520317,27.8641313230491,-40.8448887738854,-45.8072010327402,-45.7594154650886,-51.69725387784,9.1984698669175,-4.8683013261213,-46.9603124399568,21.1471739212391,-47.797288872203,33.1117945532014
280.94393146935,-128.815336644686,307.753774405336,330.190971644488,329.923642096801,-180.057631490493,150.417762395978,92.0477205943413,298.216697376605,-104.406966840991,205.281157694879,-101.320692114864
280.943931469349,-128.815336644685,307.753774405336,330.190971644488,329.923642096801,-180.057631490491,150.417762395978,92.0477205943413,298.216697376605,-104.406966840991,205.281157694879,-101.320692114863
150.610552310105,110.914761331429,167.901048286424,165.057447606391,165.077900130324,-13.6570160047417,173.458589227711,160.854913954592,152.988747453293,124.192223330943,149.441940478551,139.931595380509
110.824783014008,63.3879240557571,112.894877753514,115.19216472336,115.249644451416,17.6407935017247,113.929206908708,110.467250427733,110.858578742875,110.68440716743,101.409444793018,84.3576434204996
40.745940295065,19.2264709188491,41.0157055017387,42.1666679639833,42.1947115704947,-0.0488424784029995,41.4616936387384,40.3091322227315,40.3823451466909,39.9199736262299,35.618812695017,28.2051239023549
14.4117667428865,-20.4865012588888,11.2202288273215,13.6767177551511,13.732867951714,-43.7338503509352,11.8175415766351,12.2144460423806,11.7676086822656,8.93922806570213,1.456375803,-8.82185502588548
-50.6321784867609,-86.8938587769676,-58.5566187174092,-55.2550069186182,-55.1831118635199,-100.876172305604,-58.0959033848904,-54.8060442921722,-55.9885097408408,-61.5667826043438,-69.9865781107371,-78.4510280646161
10.0028325569052,16.6104020227291,13.6755368724399,12.7115997146576,12.6919451666115,14.2380397957526,13.6689360329866,11.6778098525883,12.2406143140275,14.5335996539924,16.3796025512933,16.8505615821495
-30.9535254161171,-30.9535254161171,-30.9535254161171,-30.9535254161171,-30.9535254161171,-30.9535254161171,-30.9535254161171,-30.9535254161171,-30.9535254161171,-30.9535254161171,-30.9535254161171,-30.9535254161171
-5.08944019776609,-16.2464674582302,2.03851569631797,1.37913656675501,1.37261930671488,-44.4343430269617,2.54247576582887,-2.74997444559308,-1.61338516409482,2.67384263102564,2.19513993481173,-5.178044323771
-34.3131715564367,-50.1968697078234,-29.7970450112376,-29.769523502266,-29.762026942808,-76.7249134250779,-29.2877933574584,-33.16591292077,-32.4295086197706,-29.773116822047,-31.569292550993,-39.2869780861258
-76.0822440883626,-98.6926794763199,-75.3204689321423,-74.3089816811942,-74.2814302021166,-122.768357216129,-74.8050671201523,-76.6461452506001,-76.4851082090257,-76.1724881822856,-79.851009616188,-88.0405433690326
-20.7177174354025,-23.9504171721121,-21.2173394059242,-20.9434263286464,-20.9375693993517,-25.3492695739407,-21.1724095796946,-20.9718317593486,-21.0460650439594,-21.4825664358272,-22.2893369058308,-23.124671176459
-39.066508303467,-45.1622710968614,-40.0086239550026,-39.4921178514094,-39.4810736918568,-47.8000268796475,-39.9239017149707,-39.5456807498249,-39.685659260425,-40.5087511528135,-42.0300435135025,-43.6051974039548
34.1114224166116,14.9638181186446,27.2118830215717,29.4347556418706,29.4808642622687,14.452645595644,27.3513442285038,30.8890449739615,29.8384807464315,25.1714093809834,20.1001042361182,16.9897500328032
8.65254473441341,29.3438845259583,36.2821969574728,30.2601873217406,30.1495993505527,-22.4830183164299,36.9172481267507,19.5581594476399,23.8645458967854,41.9490582119856,52.4442217954682,45.6251170754181
2.76377931111877,9.37296754307968,11.5891900465046,9.66565123180203,9.63032743328849,-7.18148276394501,11.7920368779311,6.24722993109306,7.6227676646911,13.3992880436766,16.751633147825,14.5734877438875
11.6365524600221,37.2135959292398,27.8789098589838,23.6223116184987,23.5394462417875,19.0411091440669,27.9729689770485,18.459648294341,20.9695189123456,31.8617932813724,40.5539294404706,41.1254991410421
50.2831533159431,85.013382946563,52.0985057104873,48.7677789350848,48.7045121590516,80.6785916914116,52.2642388212911,47.2812799170483,47.8292912209225,54.7917893154011,61.0798304429755,80.7107139262549
7.84831905298942,35.7324537415765,5.85838683142568,3.52639421000582,3.48349148805676,33.8556641959461,6.03095906421354,3.11100365060071,3.07589391477314,7.66263259888404,12.0380322985392,31.1809556845808
-41.3111610767712,-21.3580216215772,-47.7094011596183,-48.8843902802496,-48.9037018575766,-20.3872900610961,-47.5289060095593,-48.0589338821146,-48.7695718169409,-46.9350790071356,-44.7754169179662,-26.1977806391073
8.47224556153634,56.5579239466725,2.35587002585755,1.66368403330512,1.64708226144872,142.231367587471,2.00802802126256,17.9156945594148,10.6156008520336,1.00820684120695,2.90489936682423,15.2222518100874
74.9914681994041,36.7131758564117,83.2087014284171,84.0697940218874,84.0561113082653,-21.0726806599556,81.3011284285365,63.8916779957098,77.2153557022263,49.6842519914221,74.4669490323373,49.5011661586956
2.23749413316696,3.92082532314895,14.0908061301941,9.83364397329116,9.81463581223609,-72.7288695322745,18.6200694830847,11.3037901930318,2.5303233071269,13.5078161635132,4.63807779287784,11.7477647363838
-20.9078461052865,28.4591842522719,-30.5450597236264,-30.6092763328639,-30.6133945818142,126.939610925758,-30.9328218141427,-11.4934931625496,-20.1531838403392,-32.704823933934,-31.9371270426253,-18.3826669513756
120.15899367628,89.1399719178431,132.427382290727,132.226868578406,132.191522681621,28.708444975144,130.511487698656,110.898615181782,124.849723588819,49.711566038696,91.5863194701987,49.5283795540549
80.7807364219788,36.5566809712452,93.1909635554956,92.4676050755403,92.4368439145456,-69.1095035227821,92.3136834813831,66.0329670698672,80.606754501978,19.1253904727795,92.1372824382408,74.9538480487707
-11.3720389240928,-61.9262986668311,-2.51897402864938,-2.31136633271773,-2.32312849973635,-165.192788224862,-3.38896815410221,-27.7207816326422,-13.7053252278721,-22.0505129419847,-6.18101048344601,-23.8009829263538
-18.1100797254091,-15.8633461453682,-19.3579719299115,-20.719897633553,-20.7423101167808,-52.2001785098873,-19.0485695945715,-27.356551513629,-24.6339353518688,-17.5759323592755,-15.2908750207996,-2.91751679899175
-113.491516023586,-178.024393173322,-114.41770411533,-114.99207046688,-114.989192061436,-357.728406954763,-113.314130388695,-147.615884022681,-133.672451160956,-110.268896493275,-110.56581438457,-99.7803181701093
-39.9376103093248,0.338011192629573,-50.3950721957102,-49.9478976301886,-49.9412679946349,88.815554591446,-50.7351120982047,-32.4739616033668,-40.4392824991542,-52.7569538714305,-53.0422115635157,-41.2815262638453
-27.4078779991755,18.574862952086,-31.358939593424,-33.3413896809078,-33.3505541202364,73.6338603479137,-29.4579934795383,-14.3542908162797,-27.0308537244005,-49.7115660386961,-56.4838698911732,-49.528379554055
0.885539530163193,-56.228164550853,6.1312762417451,7.28830832442442,7.29588807223303,-157.266487667464,5.26687268775941,-17.1296746693653,-3.65377229060562,19.1253904727794,-0.197333372880193,-18.2994862803153
138.074675619139,81.6740174127799,143.678120063563,144.738622420297,144.744250659856,-19.49339850695,142.813966381837,120.243907675936,133.761392904512,123.387364474004,137.623517702021,119.586839211804
72.8056393155862,79.3672310517981,78.9571286435473,79.0372273554867,79.0334871666292,112.650277157624,78.6379732580708,84.3150049405132,82.3348981091162,78.3143827557864,78.4850970077929,66.702183496622
71.8258926740658,88.5979893287908,78.6440343872896,75.159929196951,75.0942621549124,46.9372846541047,78.9398798504537,66.2314702792499,70.1990407303903,82.3169065065133,88.6650879841963,102.111126087206
1.51311819508011,-3.42705216405248,1.27155006033666,3.02956921201127,3.06004159358331,33.9855526365096,0.963884722057373,10.1068594789095,7.14708182374679,-0.864821286427375,-3.9074347583125,-16.5101442258599
-73.6961916319631,-161.934237172735,-57.4781010498898,-61.5009466888019,-61.584782220769,-400,-57.5050539630183,-125.61827670277,-94.1029130815551,-54.04436866925,-47.1210518741043,-45.4530230134694
-18.1147683987156,-45.2680187621914,-13.7627314926369,-14.7899566423905,-14.8117923008822,-161.727107352433,-13.7694731171237,-33.5683438902147,-24.3405544866879,-12.920787751959,-11.3377005526579,-10.9821696326376
1.09619512209647,-4.6283357065561,1.32577702412431,1.33616506385379,1.33582978036875,-75.7091534084362,1.32602788614413,-1.5971125423508,-0.15827132893107,1.27202432914135,1.0161888298502,0.921219085537128
6.66958981710681,-9.87960099802043,6.11309285791428,6.37119844726568,6.37559344699188,-98.8842172593968,6.11514537310907,-1.01891534089233,2.58195818417866,5.81274664681732,4.94423373142785,4.6755487022851
-7.27616685022201,-31.4574411339277,-3.25163622805089,-4.19771486647804,-4.21785870260567,-145.42431763574,-3.25783441728318,-21.0681859345812,-12.77549675084,-2.47889550114153,-1.03514204783044,-0.713135951547272
24.0785988872958,-23.0768991074033,20.724193354227,21.7902434276781,21.8105422731686,-107.840090072902,20.7319657662696,2.31240433368658,11.7629201966064,19.6582718616883,16.9966579552581,16.2395651050858
20.4570293728951,53.0754770398072,23.3930168095887,22.5265676244597,22.5096433008683,68.8577068750913,23.3868396411405,35.3915665588914,29.1635461775183,24.224697536863,26.2041995078661,26.7495230563345
-42.6932216856091,-34.5069428650699,-40.4138785574569,-41.0264426459401,-41.0388217817394,-55.9845530225755,-40.4181097204837,-39.6217992208757,-40.2705535764595,-39.8595689213777,-38.6386142333381,-38.3210959578592
30.8567207709443,-22.5184820911069,48.2093373448865,43.6039142262251,43.5104056947656,-105.760652241289,48.1776704726622,-5.10344998622356,18.8983656745049,52.3410894238153,61.3313078662248,63.6463916096005
-48.8079730883269,-50.3715799911762,-47.4062174617438,-47.7597937336885,-47.7671140689388,-76.5666107606493,-47.4086022252399,-50.2005898808286,-48.9877447016521,-47.1005031031614,-46.4712356162904,-46.3167184233319
-55.7772157203651,-123.129241273562,-46.1933766493683,-48.7598081525173,-48.811741921194,-105.76065224129,-46.2110809347248,-95.2804231106768,-72.4690933325432,-43.8766628258318,-38.7912470973967,-37.472370946406
-38.9128854749597,-117.410543692392,-29.3343190513526,-31.7972482322675,-31.8478624465257,-190.890941216492,-29.3510547729616,-83.6302791345328,-58.2221659786342,-27.1740737877161,-22.6279338494805,-21.4895721873315
-114.193676369303,-190.970143957598,-109.848251985105,-111.039810334671,-111.063710626023,-105.760652241289,-109.85654142751,-156.085920532504,-134.077324354276,-108.755401639514,-106.302958200242,-105.655815598201
-139.252924394659,-139.252924394659,-139.252924394659,-139.252924394659,-139.252924394659,-139.252924394659,-139.252924394659,-139.252924394659,-139.252924394659,-139.252924394659,-139.252924394659,-139.252924394659
8.58012847586345,-52.6261734834177,14.0687182936357,12.6281842308204,12.5988119364535,-40.8970792912076,14.0588538185517,11.0832603754828,11.9243307615163,15.3510307917907,18.1097480298893,18.8135620914818
-7.90931000799446,20.7723990561279,-13.0256330744309,9.87167529600956,9.80027206967797,-0.450657730093074,17.561765735494,-7.26353166100635,6.47600288880454,2.21021962264665,20.7543675584366,-15.7612837833759
15.398992786819,5.19343848598561,30.5002588924324,4.89906712163242,4.91584297464041,19.5239792055761,-0.105812673324257,19.191802476233,6.99170581213422,17.7088548485988,4.53080008496994,42.4376460417446
89.2808035447857,149.138095095731,5.78105726436924,113.470686851902,113.294105650255,128.052974593199,122.147461193438,104.724675894924,109.279302149853,130.646926760514,146.976990217734,73.5776289402844
62.6655476421929,87.9607855919117,-5.78105726436977,73.3838671930204,73.3071579085098,78.472993382175,77.044399255937,68.8073058815327,71.5056073110851,79.6879560780564,87.1475503737784,38.0078893256115
14.9842838853623,33.2049284706223,5.7810572643703,22.105261228956,22.0525303299818,27.0689067297829,24.7495186942256,19.8735281386472,20.8817231690762,27.8004310348688,32.4981732081287,73.5776289402846
-66.6379938573101,-48.0657674487674,-56.2624919180905,-58.9682115800116,-59.0234774392172,-54.6873048808877,-56.2809912801029,-61.8814309298244,-60.2937723916995,-115.115201964255,-115.115201964255,-47.3969859012456
60.56733936083,94.509991562812,0,74.4820990931783,74.3811349652994,82.3233219585228,79.3998731493483,69.1715881829794,72.062677893222,83.8415936202874,93.3243897726434,95.7436755127956
71.0178705759102,-28.1059108958008,100.623544527124,80.1495669650874,80.1429438933724,-37.3245327266334,-25.2670494035822,-6.67511072357012,75.9035859351119,-28.3723651320928,46.6836538348602,-14.8838506896523
-10.346512618338,28.1059108958013,-26.9667895814373,-9.87913917295957,-9.94168375461726,37.3245327266334,25.2670494035822,6.67511072357048,-7.2921557965425,28.372365132093,36.4269929995508,14.8838506896523
