35.9958993145217,6.37457638489991,4.84673091542351,4.94367196027437,36.4032675833805,37.5499949643717,36.0760999947576,35.9142250913968,35.141543184337,36.160808735901,35.5721900540896,2.00143763902085
36.2418129910772,-9.03748257783619,-8.03450417251987,-8.35602694054991,37.3894124926306,40.4010204161249,36.4680643903966,36.0112544783613,34.1117500148906,36.7068695712224,35.0466498743213,-16.326207723913
-55.0317789722456,-39.8246955790611,-31.9566930921226,-33.26920766402,-51.6110865880535,-42.6747061326282,-54.3574224488182,-55.7189540341554,-61.2132214720944,-53.6456280392557,-58.5955705494882,-41.9804548913277
-36.5826941466469,-56.4537470719906,-44.4797582911104,-45.1834463264803,-34.1635495477106,-27.8246057785868,-36.1057413979771,-37.0687331073538,-41.0608136528947,-35.6023315841025,-39.1021697034504,-61.9707432536692
43.4098190975664,38.835735487041,29.7631721137485,30.5080480959187,41.4743983683643,36.660000268334,43.0263885666296,43.8014317045054,46.8779554364716,42.6226428662526,45.4473833900471,40.4238104674205
87.2774259107391,81.9554860486946,66.0112124475226,67.1117428437043,85.3302751249227,80.2373819873331,86.8949699450834,87.6664830527837,90.6626882522307,86.4905547368249,89.2856119626845,83.7052029506857
-105.979473642453,-105.979473642453,-105.979473642453,-105.979473642453,-105.979473642453,-105.979473642453,-105.979473642453,-105.979473642453,-105.979473642453,-105.979473642453,-105.979473642453,-105.979473642453
201.234812204948,195.563365175874,154.81856345674,158.756051197977,191.694172745424,167.121330724045,199.351917224556,203.15447169442,218.318660161097,197.3655491124,211.1964130475,206.175678144355
-105.979473642453,-105.979473642453,-105.979473642453,-105.979473642453,-105.979473642453,-105.979473642453,-105.979473642453,-105.979473642453,-105.979473642453,-105.979473642453,-105.979473642453,-105.979473642453
59.2500562066308,55.3028122856967,44.48833276715,45.5022461082748,57.8968307715614,54.4893242702933,58.9831547816482,59.5220902771551,61.4634499905169,58.7015006965219,60.6614140174841,56.392465582053
66.2105199884856,60.4491870377835,48.6189399597516,49.795349111557,64.4451382412919,59.9620185444948,65.8623648111286,66.5653528483992,69.1666695996318,65.4949466227855,68.0512894045134,61.8006695319361
44.3680741585229,51.4082456309374,40.6630801130028,41.3149980937334,42.392316510686,37.5958047691888,43.9776019063469,44.7664291600159,48.0008213017133,43.5659529928675,46.4243516622432,54.6025012072739
-10.1476740554407,-32.252888889343,-24.6080716775268,-24.7104513364484,-8.3602412561584,-3.5229093697037,-9.79549111723426,-10.5064609828748,-13.650760938118,-9.42365739684377,-12.0081644437857,-37.3376690468792
8.96400468052434,-6.04230320894859,-4.31878637481251,-4.21247144509067,9.60240300320505,11.3826875882705,9.08971379063654,8.83597437626835,7.64634431059896,9.22247642031944,8.29988063746958,-8.79890991034786
36.0491478385232,39.0715395361806,33.3106930123247,34.1899389328439,35.6341352110437,34.6385258348267,35.9686447066952,36.1305563604688,36.4938074997823,35.8829936773699,36.4622293553353,40.0311970331074
35.3773974359631,26.0749659393447,23.2628942620829,24.6038288742193,35.6017977644399,36.1640184957464,35.4222698370785,35.3313698063399,34.2900578750379,35.4693053410442,35.1498073439143,24.6168127285738
7.40740521370213,0.918286126651857,4.631073978077,6.04886921027266,8.76621956163,12.3188026311857,7.67605399375046,7.13328172002399,4.02653839581193,7.95921783565543,6.00000609457521,-1.54703098387188
-35.8029985450023,-33.511192503933,-22.1736499625603,-21.1401845294568,-33.4497310183296,-27.194438187865,-35.3385703226043,-36.2764961467905,-40.9762311142067,-34.8486200587665,-38.2469460223542,-36.0671132645235
-38.7563225330535,-37.7260506734143,-24.8365937474685,-23.6182062774216,-36.0168408764918,-28.7720413362876,-38.21557269988,-39.307679767047,-44.7870770038171,-37.6451584696065,-41.6011303307163,-40.9033200230442
15.8427242254369,7.66030284735368,8.88005161087673,8.84016598612103,16.8556082154726,20.2513450445862,16.0431690374153,15.6381031048436,13.9419097604531,16.2543453806251,14.7410176975503,5.31249068645367
-32.8064792955878,-29.1222237627583,-27.7834350470822,-37.0040653715723,-32.4695255923144,-26.9319951755818,-32.7402858992087,-32.873829285286,-28.4933084787571,-32.6703019788727,-33.4859930784143,-29.5742112399939
-54.3515030036387,-51.1003192007959,-35.9269920400386,-36.2700870122775,-51.2392462046819,-42.2293119402701,-53.7373151062427,-54.9776717139336,-60.2816024747578,-53.0893603654264,-57.6388603948118,-54.5306898916787
-58.2955110964349,-64.8361769895606,-69.1553503376447,-67.7238173357413,-58.7163500489556,-61.2625841108615,-58.3780607555463,-58.2115875591645,-60.2174907241409,-58.4654065396437,-57.7380952844859,-65.0266680729642
70.4412262675369,71.6076938706179,76.6943107134239,77.9214571827005,71.4355268305615,72.6736957127134,70.6375714226159,70.2409941515882,65.8031971571749,70.8446480333219,69.5253444876162,70.6874746764385
78.0318091581197,71.2954258128437,57.0929605278979,56.0507637055508,75.9839474911844,77.6551318694333,77.6286437156823,78.4423561582223,84.7114356396837,77.2028005167181,79.7605984101437,72.0350948895914
-22.9648223501925,-25.8022540249716,-23.4886239958566,-30.3452434793268,-21.8863571855255,-17.458768734382,-22.751530223745,-23.182499995724,-26.4477980264489,-22.5267532661412,-24.1500565013649,-27.6991692214214
34.2149035460467,34.6156484062484,29.1233385246381,27.8918712183236,33.4775203022569,38.653220205795,34.0700063749055,34.3623105177156,38.3793545243346,33.9168106368049,34.5793575619979,34.6795587090877
-25.3541071979734,-15.2504483411154,-8.90131635102041,-10.3900965673983,-24.309897191905,-14.3698142251997,-25.1478890812424,-25.5644386599527,-24.6090331584456,-24.930421047024,-26.8444646800231,-16.1052309742804
-90.8399177273018,-70.0695853831526,-50.7028388797532,-52.4744900766059,-87.8371544979494,-72.659457498934,-90.2477091613697,-91.4435206401968,-93.853856428513,-89.6227605049107,-94.3693192157671,-71.9343117906106
-14.7481578539114,70.1732169761538,122.695116771527,116.658687600368,-3.18368698255984,65.4279761532219,-12.4664283985823,-17.0742832035774,-25.5416247968508,-10.0590733415645,-28.8521610643418,62.3021962714594
-130.849366806017,-151.114148233011,-143.581047476289,-142.072932697734,-132.623320268992,-154.813549374487,-131.200125307094,-130.491392188001,-132.097521107681,-131.569789899446,-128.061866584762,-149.352760625262
30.5373508191376,32.7235145997822,34.2500162387228,33.810693435861,28.989219839303,41.2700716370697,30.2332274828927,30.8466936123139,37.5752988422185,29.9116374936748,31.2725670972419,32.792550457501
68.2239658499004,50.145348203552,22.9901948451589,24.0589868208511,64.9018814070916,54.9925040993628,67.5690840125792,68.8912832610939,74.0137595713174,66.8778294310086,71.7466823492596,51.9757716690179
58.9726873939335,50.107091046824,39.5678570988208,40.1926261638122,57.5203558820549,51.5381475642007,58.6863001570307,59.2645603772513,61.0413442831113,58.3840556140871,60.6018826906698,50.9933042567113
-6.42517346995017,-4.63842203417784,-2.17752456684899,-1.83524657700893,-5.92158216197642,-6.67321074087557,-6.32608865592195,-6.52604376064625,-8.11048083985924,-6.2213998369268,-6.83228367434472,-4.76079620982794
47.0990028070112,10.4193484137806,-43.6837969242255,-34.4145664388208,37.6411320810245,19.8385845545008,45.2344734661342,48.9989490705131,62.1546352065806,43.2664188636672,56.6759715247301,16.0567654996715
9.04326415072063,26.211443898325,80.9868648982182,76.7444937216485,20.6948675344652,50.9129042535209,11.3421865863124,6.69972961132075,-12.0921154115397,13.7677446490619,-3.11605503120109,14.5105953477223
164.801983800356,162.615820019711,161.089318380771,161.528641183633,166.350114780191,154.069262982424,165.106107136601,164.49264100718,157.764035777276,165.42769712582,164.066767522253,162.546784161994
-6.07762651886024,-16.318335451086,-32.4147607923253,-33.2742443139923,-8.60277787557937,-8.18013013482517,-6.57477003122819,-5.57137010609932,1.10812058667493,-7.09986824743165,-3.84594079393832,-15.460373968746
-51.3372156570941,-42.2349544065177,-30.8462045163246,-30.6979275368697,-49.4903925210519,-46.6499155662842,-50.9734075511304,-51.7078027589864,-55.6005614971617,-50.5892568647702,-53.1427605711976,-43.0499769136318
0.0747015861640499,-34.9045200400519,-64.7226179967069,-62.20216180405,-5.07759325197901,-31.9477423249609,-0.941745494028812,1.11085420980794,5.96347913264035,-2.01422696008811,6.15913117217435,-31.5029511571596
-34.3243966688613,-25.9677883754399,-19.0876920049037,-20.0506992417321,-33.2592973338501,-25.3338532683832,-34.1141384586264,-34.538802237878,-34.7481216748027,-33.892362659444,-35.7133331639753,-26.8238618880232
-8.52905955188952,-1.4443848894846,3.6631017658534,3.60676169553642,-7.34553046079132,-3.47376037490257,-8.29581357542288,-8.76670604142262,-10.7132712253884,-8.0495811098924,-9.79618638406148,-2.06781722449616
55.4977162821748,65.3875972189648,92.7661203906829,87.3808824857746,60.5364777334506,67.7122258330558,56.4917188151219,54.4845179054938,40.8505660571807,57.5405706983468,50.6563269854258,61.3012768309767
28.399794578123,42.9053732475083,76.0288614086632,71.191240332168,34.2537697343561,42.883706411524,29.5542043991883,27.2232869282396,10.2723829893743,30.7725273756774,22.7653061330335,38.4547550194654
-22.1796849454769,-19.5953452893932,-17.0666774512654,-17.238341950484,-21.7685216517282,-20.6779421628042,-22.0983981747935,-22.2626512096802,-51.5377805483872,-22.0127309296828,-22.5797153898796,-19.8998759904356
-33.9071987173179,-30.1803262540169,-24.5998617048944,-24.6122710482595,-33.1731607798556,-31.1733003651492,-33.7631816543402,-34.053597282986,-6.73422805251036,-33.6107972369433,-34.6944091331119,-30.4824709078325
-5.88940310536952,10.9081023338271,47.1620745495398,41.5753677411565,0.402781608389269,10.9610175720866,-4.64880542517827,-7.15364139147603,-22.9281735576268,-3.33940589030171,-12.0302280574311,6.15777549716521
52.8597161995567,52.3223483121207,53.4319401814507,53.4570527879904,52.8448260099811,52.7560974419394,52.8577507940188,52.8612060088005,5.21567868705688,52.8551471096442,52.8296769054155,52.4367837650686
-4.50155272965134,10.8669406268092,40.7918063970783,40.9840671824028,-1.10913115358642,8.02823333581557,-3.83390910192674,-5.18132144572547,35.1887676805219,-3.12859836753603,-8.31528679508011,9.92614211563989
68.7717712237646,48.7666668481118,68.2519237187179,67.99150128818,66.7693422304335,54.1315568122492,68.3789609360932,69.1710910804431,24.9945042832746,67.9633194312029,72.3543148815109,48.3914505339929
20.3359240977232,27.4102468869172,72.0740612536082,69.2541161824013,24.3986520559974,28.5045531797967,21.1370547493591,19.5194861427246,23.6865106034302,21.9825658867199,16.9105387501348,24.2987368178261
4.13769257370427,12.9511366678149,59.5318817068298,56.6845489810758,8.49117984938386,13.4429541751804,4.99601000529024,3.26304481753028,6.83435975022735,5.90195204970323,0.403852145750383,9.69416042113909
126.746245144066,178.407915504255,285.759980203185,272.687701344116,149.403850233631,185.143582681443,131.213820256779,122.193421547986,83.5172851591551,135.929022911214,104.274740966271,161.000614010043
-24.14009259465,-12.0610778482698,39.0331509729743,36.067238239441,-19.1692380700699,-12.6126667045973,-23.1602995461705,-25.1384132526235,-22.5222758004199,-22.126017184168,-28.5069412731936,-15.6536719328628
51.6312561522255,62.3790454508857,62.0372618435908,59.1268106698092,56.3428653052247,62.2434847002451,52.5600342446948,50.6848754910578,53.6730672030247,53.5404212268135,47.5281638700295,58.9298931322942
16.2761162565779,31.065600265431,35.8627669982237,32.8245012959977,21.7316738867047,29.6138475794771,17.3512637817836,15.180724625696,16.9406195044048,18.4862982656941,11.404754865506,27.2186920363385
3.43768222474354,19.6084839638204,26.2346052510524,23.1659856114657,9.13332430298155,17.6894548306842,4.56005632851673,2.29421607472489,3.60188886310207,5.74499310278673,-1.68556622283575,15.6380359044979
17.2935877584826,30.921292667429,50.9385378009093,45.4765805162227,22.3019193389693,28.7157722337747,18.2804362075773,16.2882638419878,20.6217184367935,19.3223527406212,12.8780408264466,25.9557588697383
70.0712248375248,77.7600926955786,90.1466616671711,84.8579174730545,74.0019245187826,77.5076801010509,70.8460628629902,69.2817327333741,75.4555533899941,71.6639732928347,66.7728690053135,73.3654391039616
-31.4245495507066,-12.3148053744664,14.7461868759993,9.12433953944261,-25.4214743299019,-16.3232063680013,-30.2419978928101,-32.6291041347988,-29.9944600866714,-28.9933051435929,-36.8713565469312,-17.8073089609892
-67.477212125994,-49.6756129150067,-10.0280480354717,-20.040241333249,-64.8658735099669,-59.5061077448189,-66.9627938433059,-68.0012137354467,-67.116314657307,-66.4196122440221,-70.1491987562352,-56.1925219248213
35.9382214366453,31.1951300890201,-6.31185767483116,6.40616690221401,37.4315079053539,43.023794117348,36.2323949343195,35.6385508746638,35.6014596494718,36.5430066307557,33.869462811728,37.5241272367957
27.4817472164348,22.7759490563695,-3.84821558266499,5.10302286335698,29.4279754753768,31.430370982897,27.864925159228,27.09154621723,26.5991878824706,28.2696470776759,26.0199412665867,26.842420910772
-6.59158054300262,-10.6117843487526,-30.8007491436413,-22.4702153727478,-1.37422540367247,-2.92251307129501,-5.5648396999497,-7.63687847783627,-10.8038106824662,-4.48010893486614,-8.81240865184241,-8.31008770716632
14.1250487899536,25.2308968298739,24.60823812005,21.7438748975179,18.8893218125246,24.9668464746643,15.063228561388,13.1696089665386,16.1245885207269,16.0540755130227,9.98248468646621,21.7379794975407
14.1250487899536,25.2308968298739,24.60823812005,21.7438748975179,18.8893218125246,24.9668464746643,15.063228561388,13.1696089665386,16.1245885207269,16.0540755130227,9.98248468646621,21.7379794975407
-26.8695141170349,-18.4810113535827,-21.9701938698446,-17.786354779592,-22.1930109231241,-14.9874377647859,-25.9486191921536,-27.8073845500486,-28.2517476328067,-24.9760450893149,-30.9762640591193,-18.1372166431752
-20.6310868394036,-19.9229578642637,-39.5908911100486,-30.7975561463371,-17.7024742296197,-13.0490164320847,-20.0546372214331,-21.2180431453254,-23.3881049892709,-19.4457081980971,-23.1113398620908,-16.3769084111037
50.7419488886319,55.7499812928604,47.8859566518659,48.9360324605045,58.8997934793329,59.0958694579597,52.3478704077601,49.1067574075208,48.1368987818413,54.0442281616945,46.4315208345982,52.887638380505
58.7212806092102,64.7300493343516,55.440612597513,56.7041137930785,68.4131457629682,68.696046620056,60.6291883568185,56.7785958516543,55.6133400350238,62.6445355819209,53.5893804640247,61.3383879872137
29.0218039181203,29.1793221723925,24.4915489130148,24.9246961763931,31.4895152826927,30.8396221246547,29.5076323945851,28.5271033558783,28.6852437053378,30.0207990360216,27.8501103149713,28.3831466428758
-18.628420618804,-13.10903065854,-10.9074573574044,-10.6306953191933,-15.1877706232449,-13.2120917097237,-17.9511787928754,-19.317984666598,-20.8214165460022,-17.235768517471,-20.8087688284027,-14.420624677944
-61.5421095594047,-51.1938295620741,-42.7877256805469,-42.6518038371714,-57.2252331415313,-52.884969711043,-60.6924812858191,-62.4071672399385,-65.4070074673569,-59.7949308320073,-64.6308499214085,-52.9696083563497
-2.77711634454862,7.59441931937201,7.03112522831213,7.93216945328949,6.08825442208174,9.04008605048541,-1.03201681598384,-4.55399165141519,-7.19113010940062,0.811400152006314,-7.98569475350857,4.33295440322097
-2.75802963427683,7.54222399758937,6.98280134358149,7.87765282474455,6.04641074907772,8.97795487488069,-1.02492391690492,-4.52269273972161,-7.14170653476556,0.805823518659188,-7.93081025348445,4.30317464787238
-2.91219306860562,1.46279814761066,4.6794152546064,4.8458705965273,-0.920147824637674,0.955455327899379,-2.51980831285659,-3.31187242647593,-4.55460179689187,-2.10546591907868,-4.32716556326627,0.717206068619713
14.1707205796429,51.3658602319389,61.617484616206,62.4128767585219,41.7131428591446,52.0421713113279,19.5916167463764,8.65146056616055,-1.6934488202601,25.3182834770044,-2.10507915764424,40.077877142005
22.597512018941,25.6373600118501,17.0604185155032,16.7841007860531,30.6897328150139,28.4405327377947,24.1887673938315,20.9782005932901,20.2541662785947,25.8705991843875,18.9289469779752,21.9892223612412
59.8264639928636,42.376650875801,34.254515485246,33.5673186832206,49.4109956174952,43.1224963674248,57.7763835959916,61.9138201077286,66.7392199405867,55.610736183078,66.4773918045497,46.4349798501409
9.67302703915336,19.3023658947224,17.3761524232942,18.2914424538337,18.6694309648556,21.1284430631951,11.4439244837148,7.86988601872278,5.46794641802948,13.3145926019488,4.49325665550915,15.9957925115421
68.2245573546099,51.3543429105622,41.7979911068663,41.2890180760776,59.0009570454753,52.672456894158,66.4091123117019,70.072997555722,74.8110230774939,64.4913090800703,74.257608861853,55.0090442563784
-29.5073636306737,-16.9938259406444,-13.0352686490824,-12.399228073131,-21.0743042649136,-16.8791578074901,-27.8474475029926,-31.1974715806127,-34.5854213263227,-26.0939731078325,-34.7208539253946,-20.2297347683605
-11.704316444297,-18.0715696452404,-18.8820289999556,-18.0340554063077,-18.4931047498499,-18.4258823951062,-13.0404418557891,-10.3439866162991,-8.3085366338072,-14.4519654016658,-8.2704973666754,-14.7163666786063
-11.2315941920833,-18.4635652783611,-19.5940088755959,-18.8496090745428,-18.4813921651211,-18.8129783634304,-12.6584591930691,-9.77887481882154,-7.52579686812149,-14.1658377442524,-7.47538462240303,-14.9689506219544
-11.7955236075853,-19.3906062128395,-20.5778084844124,-19.7960329611307,-19.4093281734117,-19.7575630511341,-13.2940303659429,-10.2698643494736,-7.90366114601881,-14.8770931958467,-7.85071774151951,-15.7205297326802
-11.4824268337669,-19.6813287705732,-21.5963109740059,-20.7498237063986,-19.3485378495769,-19.8915918669154,-13.0306898508503,-9.90605537796814,-7.33613115427123,-14.6662614741571,-7.37022447106459,-15.8719617630021
-15.3736097705702,-23.4281672866655,-27.5445331377746,-26.9811353319061,-21.3817167045914,-22.9616497930518,-16.5564016953649,-14.1692101388304,-11.6740231159695,-17.8057593145046,-11.9912848536771,-20.5711822202738
-18.1682872996935,-25.7802998596841,-29.2757150194423,-28.6790291316721,-24.2019059338745,-25.4756631552432,-19.356114052447,-16.958756696274,-14.5880992304246,-20.6107843579064,-14.8348597100171,-22.8959248952743
-36.7459020904697,-34.8119053619335,-29.4370331806689,-28.8584997499576,-39.2545902159561,-36.437796540293,-37.2399157066035,-36.2428173563472,-36.7023357591187,-37.7616705987258,-36.0364927940282,-33.4494305445503
-20.6406593617737,-25.9016796000834,-29.3186171023343,-29.4716367554789,-23.2822433103426,-25.364017025429,-21.1606695296663,-20.1111545717163,-18.6214486176565,-21.7099551111842,-18.8570691884962,-24.861611115451
-17.6029604248447,-26.146901680281,-33.1748529654771,-33.6108796637747,-20.6435340902875,-24.7609335593777,-18.2014547493386,-16.9935568394306,-14.6058971995325,-18.8336683152832,-15.1965140626398,-25.0842838091854
29.9118577286723,48.5978361473547,53.6660938149684,51.3519365744253,48.3196946844439,49.0494934032432,33.5358794230235,26.2215854637825,20.2096072372944,37.3637931300994,20.3911837329192,39.5415826658619
-29.911857728672,-48.5978361473549,-53.6660938149687,-51.3519365744258,-48.3196946844444,-49.0494934032437,-33.5358794230238,-26.2215854637827,-20.2096072372942,-37.3637931300998,-20.3911837329198,-39.5415826658621
-38.5859587994126,-41.4518842233935,-50.3592925300971,-51.9705385468747,-33.0842257051867,-38.7446616285711,-37.5026127550196,-39.689170551539,-39.2126499747189,-36.3584011233808,-40.2223493233247,-44.6361161340906
57.9744739203016,129.641248656143,217.508056484467,204.696200055936,82.6345080031978,131.012025869194,62.8348593206865,53.022330467543,58.5227808758802,67.9657034800107,31.9204260847604,112.609163476051
8.67410107074029,-7.14595192396175,-3.3068012848716,0.618601972449184,-15.2354689792574,-10.3048317746726,3.96673333199544,13.467585087756,19.0030427374246,-1.00539200671861,19.8311655904053,5.09453346822824
-48.290809337416,-50.3508248134659,-57.751186425166,-53.1002406235245,-52.7357532687051,-47.7877764900967,-49.1657353339743,-47.4000020078161,-45.3548698642427,-50.0899903296085,-47.2458597717109,-45.8961928412814
-48.290809337416,-50.3508248134659,-57.751186425166,-53.1002406235245,-52.7357532687051,-47.7877764900967,-49.1657353339743,-47.4000020078161,-45.3548698642427,-50.0899903296085,-47.2458597717109,-45.8961928412814
11.1723642801445,9.96307989967331,12.05987041584,11.598730570975,9.36252494330705,9.05107284535211,10.8159949844115,11.5352787865219,11.7094868371145,10.4396077693657,12.1973128540378,10.4675997260381
44.2421188242236,39.3115297665818,36.6185471360144,36.2670794203604,41.7606693869185,39.6263467832498,43.7536194508638,44.7395447123054,46.0673941275783,43.2376258241542,45.9652800109668,40.1728774522432
14.2550688936,8.97207178276425,4.39826777698507,-3.63768946419292,24.6159077570221,9.55476572852305,16.2949238298395,12.1779807610759,11.4021960134613,18.449554294406,12.3409306303691,0.191026581955001
27.0024875799276,23.9162321631654,16.3085543276902,16.8938426375331,28.0292402032368,26.2379181611179,27.2047937847226,26.7964133584036,27.9528766742433,27.4184012581704,26.7874242276147,23.8255164693216
203.707330352911,264.837049204858,239.802987422612,238.952491492579,194.096955522364,262.466252621444,201.820493078328,205.625759049706,217.437451855284,199.82458143437,190.724485300235,268.826494617764
-9.55439881255968,-4.41647866106196,-14.2040836084512,-9.98753007589503,-12.2149944039401,-2.20453220168759,-10.0777413027634,-9.02176747502934,-7.70811230457593,-10.630797445834,-10.5048418469483,-0.952557664207498
-6.92048829071426,-1.73969521680857,-6.23718396589552,-4.22884998236699,-10.2081369064353,-1.32642586010145,-7.56726559463217,-6.26216697437774,-4.52492416838599,-8.25070593217141,-7.30700470475956,0.786296180805701
-16.4901287861069,3.94784177362446,-11.5104291803551,-12.6989741835532,-20.667281161864,2.68887871664063,-17.3108245361622,-15.6553494882488,-11.0566020705882,-18.1786264739836,-18.7955566113025,5.14538908551287
-67.7713438533414,-59.4305771140925,-80.2963989745187,-77.3177003922991,-73.405991674022,-58.1309701580228,-68.8804537346337,-66.6420807064912,-63.0835177594604,-70.0520829028105,-62.9200131157013,-55.4464151098752
24.187669202334,40.0636920901491,61.2221540068569,58.3690581935176,29.3398909717274,38.7794604600078,25.2035389092341,23.1524135218922,20.0334407962376,26.2757239146097,17.8036434172199,36.4466506114254
-180.797798247237,-162.801472758521,-194.704154413054,-191.607169399456,-187.467357887634,-158.767207009509,-182.112184957067,-179.458644934521,-173.748381876704,-183.499777240164,-172.840734056219,-158.380614914392
-20.6498236994908,37.8618919020664,54.137039232083,51.3947925746828,-16.1872414143242,37.8275678551911,-19.7696318240532,-21.5469560190225,-23.4881711981846,-18.840801384912,-26.3188937613957,34.6101899526885
-42.1237193560208,-18.2545899964659,-42.611440014833,-39.6857421572999,-47.7276291503463,-16.1517157268789,-43.2284529593798,-40.997998048953,-37.1076382548497,-44.3945298348823,-35.2714243579099,-14.3982648134093
-138.674078891216,-144.546882762056,-152.092714398221,-151.921427242156,-139.739728737288,-142.61549128263,-138.883731997687,-138.460646885568,-136.640743621854,-139.105247405281,-137.56930969831,-143.982350100983
62.7632998933869,63.5653853435582,75.1256418246121,73.8784900473063,65.1725881627132,62.40702714426,63.2385904065825,62.2787951927601,60.5600389044287,63.7400865717308,58.8906202506011,61.9337243393038
84.1347805874674,81.7683904828641,91.1736089858449,89.7821653643704,86.4697992259638,81.438404836842,84.5951234308831,83.6656819507056,82.6390523110878,85.0810157387936,80.0369284852267,80.08651324538
26.6888802742503,32.6365554474925,21.78554260033,23.2781751356905,23.5219733463943,33.6080481305395,26.0663506512789,27.3222697157794,29.8401608230483,25.4082679550243,27.0029938583844,34.8401938413476
87.6704307127541,76.8384871214554,71.8314397440384,71.0630808649659,87.9287752939392,79.4671278524413,87.7203668217648,87.6201120947616,89.6554982464892,87.7736395499976,86.0585679128679,76.3144491997213
64.1909333049838,71.9013834933119,83.0792051761662,82.4643544388492,65.9194088842404,69.7587074801497,64.5312494097888,63.8443492367437,62.0229794487231,64.8906806571764,59.7403899546752,70.8498541071383
168.221343030155,184.689584902807,186.66305495994,187.228066355248,166.897501195841,183.784738022789,167.962166990247,168.484422393501,170.057613733316,167.687580436248,159.413511434761,185.689244211091
68.7059142200455,73.3966398728838,81.0161698534953,80.3906820176376,69.9698192722353,72.3465566201892,68.9548978817357,68.4522749195526,67.7104520592948,69.2177935645228,64.0640290354574,72.556828497628
108.394529389296,104.754122189949,100.314396612735,100.393297259324,107.77951313056,106.193092273028,108.273086172631,108.518390122095,109.988366360794,108.145011403579,112.432223810851,105.069601031103
40.8753980273099,40.1707327230504,39.3137882580859,39.3148355618058,40.7994258068303,40.654530553628,40.8601892739179,40.8910203785773,41.4346583615554,40.84426361448,44.3518952843798,40.208249156017
-10.6892527327338,-7.85369785942667,-4.38648895619558,-4.50067486656591,-10.0505421837981,-8.21368746084632,-10.5638981207395,-10.8166918553863,-11.0012686372843,-10.4312773375473,-3.84490147412402,-8.18672157613376
-4.93741673845323,-3.62766043983038,-2.0261401369094,-2.07888315265188,-4.64239329442098,-3.79394135096236,-4.87951484624634,-4.99628147605935,-5.08153837055509,-4.81825667496234,-1.77597829995251,-3.78148568040459
-40.6233044578298,-37.7843940309658,-34.3167566174814,-34.4096818856835,-40.0486256877813,-38.4535331185386,-40.5102833193195,-40.7383308201349,-41.3128257926717,-40.3908398362036,-37.8241980353471,-38.0823910317468
290.198939376817,335.967137789213,332.913961841119,333.103950341665,285.686864368483,333.185809976326,289.314021942341,291.09809820625,296.737919692027,288.377390096224,278.566559949773,338.271054006589
290.198939376817,335.967137789213,332.913961841119,333.103950341665,285.686864368483,333.185809976326,289.314021942341,291.09809820625,296.737919692028,288.377390096223,278.566559949773,338.27105400659
163.163922439772,182.491423397451,189.420127930997,189.221542341091,162.851020803375,180.436833139658,163.103614565926,163.224576546935,163.931049197398,163.039168632844,165.372369081364,182.637471645909
122.912185410331,135.466477208519,144.535222599157,144.257979462812,123.342120121915,133.376989511392,122.998232861439,122.823752533428,122.070605829779,123.088317341701,122.791614214124,135.23168941462
46.1425474449488,51.8345559119497,56.0918306039978,55.9648343537959,46.3811384447725,50.8407446183907,46.1901349120601,46.0937344572541,45.6775644968017,46.2400476596506,46.0348102254248,51.7058950792914
22.6929857350447,31.9065299651248,39.5874808290609,39.3748805319301,23.3160544468995,30.0458479005442,22.8165298131248,22.5666767964066,21.4877877878749,22.9465227309367,22.2306841291974,31.5777805237453
-42.6248732284966,-33.0732440801699,-24.1056860690593,-24.3350361306616,-41.6776008825092,-35.3228205982376,-42.437619283143,-42.8159872463239,-44.4500143677433,-42.2402640701287,-43.4704165153643,-33.5673421677405
8.83269809023257,7.10278716219217,5.9451282779354,5.99100402363369,8.51506179732979,7.66563055129548,8.77009852749284,8.89647847888297,9.44233118967976,8.70401370899556,9.16338830153949,7.26657887981985
-30.9535254161171,-30.9535254161171,-30,-30,-30.9535254161171,-30.9535254161171,-30.9535254161171,-30.9535254161171,-30.9535254161171,-30.9535254161171,-30.9535254161171,-30.9535254161171
-0.60183261019513,3.4918079451265,3.78498871407622,3.77943996139808,-0.788960409505668,3.16469792908647,-0.638522990125812,-0.56455975566041,-0.230335208654364,-0.677364343422227,-0.236384067805528,3.58628239812566
-28.985614001786,-23.6531401203891,-21.8535230894785,-21.8918055454886,-28.946359645528,-24.3821550254423,-28.977688909425,-28.9937983353101,-29.0485931522608,-28.9694309312312,-28.8556539959254,-23.6754037874083
-69.5663524728802,-62.4741243150312,-58.5214654960049,-58.6065342055075,-69.2028968666681,-63.776854047308,-69.494534218226,-69.6396350692598,-70.2515789895838,-69.4188256751956,-69.7741146963334,-62.6635626380681
-20.0632296197304,-19.3327149065704,-18.6242191759242,-18.6495084534089,-20.0080626038943,-19.4870330115236,-20.0522502034182,-20.0744781526199,-20.1720630205013,-20.0407208320211,-20.1076521453159,-19.3622118218356
-37.8323687914676,-36.4548686302432,-35.1188887168881,-35.1665756192665,-37.7283427234917,-36.7458596405861,-37.8116653785619,-37.8535796659232,-38.0375912522994,-37.7899249390168,-37.9161344365034,-36.5104896941332
37.738921545049,42.4176609098928,47.5994502137323,47.4583006377289,38.3701362711251,41.1359415140396,37.8636301054872,37.6116816467225,36.5189238146827,37.9951048925384,37.1193130294943,42.0891411618866
9.56918693257318,7.75319329585669,-2.75971186203789,-2.43562273639257,7.98217293323029,9.69675047713716,9.25580499402101,9.88883483150098,12.6694727325243,8.92532649375819,11.4619947990587,8.57720173657874
3.05657141110023,2.47651019254118,-0.881501891416281,-0.777981961972329,2.54965043091797,3.09731751483509,2.95647155090488,3.15867273238963,4.04685877920605,2.85091073962549,3.66116848420281,2.73971339466937
8.64903512136921,3.77335072176861,-4.85319403952194,-4.5943812284677,7.52257948423107,5.61543549283139,8.42642856621037,8.87619077057666,10.8425643863149,8.19177464888801,9.87338656765826,4.36000242978453
37.4560129846026,31.759375131492,24.5521165790684,24.7571931034297,36.6182002044044,33.4056152108956,37.290365439648,37.6250926443713,39.0949837461553,37.1157996802195,38.4010081202266,32.1964519980732
-3.76644633545873,-7.67072551328333,-12.6905884983587,-12.5330437800891,-4.27515652664971,-6.6076468064883,-3.86723454718001,-3.66344946125861,-2.7591157102993,-3.97332990398924,-3.16407893832726,-7.4033530524443
-51.5214265313767,-53.3493120525858,-55.8351430142851,-55.7326624648214,-51.6488812642643,-52.9618082692499,-51.5470771548714,-51.4949845781632,-51.2458320205089,-51.5738516080999,-51.3159830717339,-53.2785370453935
0.362658511151626,-17.0324926095768,-23.1872540648286,-23.0659906241079,0.37575748735259,-14.7607722009923,0.364479435376985,0.361243520391952,0.356960762376346,0.366837165002476,0.243862400247075,-17.0317806824229
80.4200623314041,91.1571360648563,93.420974445807,93.3689877725394,79.9716863186128,90.1500157340718,80.3324848788004,80.5088377751267,81.1684590837294,80.239581504292,80.2211571562863,91.3815057348081
3.77622646538489,12.1353962607368,11.9308626839125,11.9674619222394,3.32459508576308,11.6542859422117,3.68726163419479,3.86684038930696,4.82602882627163,3.59331695336778,5.80207166620212,12.3660701112559
-29.1920331207518,-47.5420622810852,-52.9193259201313,-52.8165657002026,-28.9409206479285,-45.3963162739311,-29.1434026756613,-29.2410838629266,-29.6520396305935,-29.0915731671459,-29.5721776474317,-47.6631216208626
124.301301365751,133.138237326907,133.077187318647,133.075718615774,123.50270266418,132.750712194055,124.144702677129,124.460399754902,125.721811985581,123.978935034215,124.466646028167,133.5431983927
84.7442104194118,101.859138061781,104.131212304373,104.109290961767,83.9603468052611,100.399188238605,84.5905991388221,84.9002157564155,86.175045119257,84.4279369339457,85.2487233451726,102.255284163237
-6.28350990339581,12.4829309073869,16.7899506419268,16.7237815485271,-6.76003219654082,10.481354994436,-6.37655145851608,-6.18921630281848,-5.44247249194114,-6.47527117357631,-6.09864378613307,12.7206023923143
-24.8793186796094,-20.3016995060976,-21.2615889766783,-21.1904938111042,-25.1878134233802,-20.5654722273153,-24.9402923272052,-24.8170935709573,-24.2666005058881,-25.0045603400609,-24.4465585702301,-20.1410545744823
-116.281042922109,-82.3625297103453,-73.5699269893006,-73.6374958107181,-116.464314287698,-86.6001053729805,-116.316606518467,-116.24513083713,-115.908739086374,-116.354468542891,-115.720867344175,-82.2738158135529
-46.6641143981227,-62.0145344235955,-65.6739048637266,-65.606865927995,-46.2755736609889,-60.4080872153847,-46.588301645527,-46.7409169373552,-47.3903901459911,-46.5078325628168,-47.173781823264,-62.2074220701245
-34.2001106977897,-46.9546598584264,-51.6746672720363,-51.5693068462018,-34.1208415949508,-45.2925010697888,-34.1852770383933,-34.2147699205106,-34.2400261444685,-34.1691672495534,-33.6165634283986,-46.9886928119429
7.131641383967,27.6211750958535,34.0116205438244,33.9002075589794,6.96740352311627,25.0632642815835,7.10014556085343,7.16322777941318,7.37324054328421,7.06639764051571,6.99106375846426,27.6978061774993
144.198543334884,164.495614832822,170.670617146125,170.563857047129,144.003066643216,161.996033300356,144.160890071831,144.236403844876,144.500175442405,144.120642414209,144.090813702179,164.588362885427
78.0345094993732,71.1349967247327,69.2812791400072,69.2711695362574,77.9201876814724,72.1504696082753,78.0121552600415,78.0571837953566,78.2332317170757,77.9884557653093,78.0416009929593,71.1923757693984
62.4648596485479,63.2554389117437,57.6538104943489,57.8259237456373,61.4574942380993,64.2275671154334,62.2661524676505,62.6674166909437,64.4189697013008,62.056482858938,63.6255534328133,63.7764669379242
8.77883541087239,4.89056966789286,6.71177970790452,6.62181443018907,9.21742145004536,4.92630396648575,8.86544790758894,8.69048751323345,7.91637243611376,8.95678191563001,8.21029615893463,4.66283731432275
-79.3001421613226,-17.5352593829795,-12.0572370313308,-11.9185593003147,-80.8432439369932,-24.0308358060602,-79.6037287132331,-78.991133815324,-76.3615838477667,-79.9245191217887,-77.7017220995068,-16.7446257283383
-19.7162627648996,-10.8147815432287,-8.89355331241443,-8.87063313368794,-20.1617649696084,-11.5176205154699,-19.8038027761454,-19.6272214434351,-18.8725781540106,-19.8963649822844,-19.2564364124812,-10.5875538055097
0.891034466097973,-8.11625200260249,-7.45757532567977,-7.47402017680441,0.828726344015385,-6.86853349329353,0.878914085297233,0.903291356336844,1.00364399362118,0.866027762044808,0.953455694936567,-8.08565735849884
6.63750400950023,-1.29761436821978,1.00573076266919,0.968148188014362,6.61829959790476,-0.23753596137428,6.63397182409262,6.64095671398945,6.66329617895329,6.6300984343111,6.65361560400062,-1.29014616625416
-8.76432678196482,-2.30219874319995,-0.640947487470411,-0.620803043804474,-9.17861345294777,-2.71723118466299,-8.84572570089446,-8.68153612012128,-7.98007839708863,-8.93179870080709,-8.33683215523067,-2.09096301414428
24.8003847120072,28.432592126363,35.5743698550639,35.4817163110623,24.9789267663357,27.7612727940311,24.8359902196816,24.76386548094,24.4393762034474,24.8733385732185,24.608072845824,28.3364913642835
19.700772008331,11.0467996389279,5.90121975466906,5.96410211486225,19.504463278018,12.3943790174343,19.6618674684619,19.7405354254745,20.0870122485291,19.6209205819658,19.9084700370419,11.1501110148999
-43.3926515148285,-45.5529508548329,-47.3799808873191,-47.3475925949208,-43.5811716976454,-45.0694854101154,-43.4298372575529,-43.3547456474246,-43.0294132917943,-43.4690748471144,-43.1958872835037,-45.4554275603837
25.4235420576471,20.9855635855051,21.6103323955535,21.8410424017621,23.9534727360923,23.1229259886344,25.133706599867,25.7189113104782,28.2500601522072,24.827800306458,26.9557959362925,21.7447261724879
-49.2813522189581,-48.8549177414414,-49.1438973932229,-49.1303050849917,-49.4111943277415,-48.7742533459278,-49.3069091183445,-49.2553319194107,-49.0335639475022,-49.3339073926528,-49.1466704038654,-48.7882749511761
-58.7352389245041,-59.5139810559975,-54.4234780925241,-54.2898078778401,-59.5334203197734,-58.567186878155,-58.8926591283116,-58.5747826964912,-57.1982621327937,-59.0587778953845,-57.9024855918671,-59.1012829000595
-42.0600613849318,-50.3071628348128,-43.7866370588896,-43.6809496869254,-42.9191534648668,-48.3173107908692,-42.2292556052502,-41.887742206889,-40.4162657400684,-42.4079356513359,-41.1674321717006,-49.8652745497565
-115.482725147753,-113.794078120264,-105.692371995448,-105.624134813044,-115.827858739865,-113.650073065241,-115.550858972732,-115.413239522309,-114.815274108005,-115.622720306032,-115.121638551903,-113.614997719931
-139.252924394659,-139.252924394659,-139.252924394659,-139.252924394659,-139.252924394659,-139.252924394659,-139.252924394659,-139.252924394659,-139.252924394659,-139.252924394659,-139.252924394659,-139.252924394659
6.83144751289069,4.24622129004026,23.7173831909952,23.7859411605702,6.35676314594944,5.08734985063963,6.73789701354952,6.92676267078109,7.74249989683815,6.63913805264444,7.32564001266205,4.49099611435821
-14.5971733492907,-21.2219311111564,-30.6623623589111,-31.6969871308483,-16.4960810218595,-14.5154142531798,-14.9722746872158,-14.2146056072463,-8.65582309965554,-15.367823740349,-12.9877667931723,-20.7344459834651
19.1700058077194,22.0177480765505,29.6730426961589,30.6486647731481,20.3158765053169,16.4385463940306,19.3951415072437,18.9409730996858,14.7238939013357,19.6331804652428,18.3642959717716,21.8448277004088
78.8041579189374,63.0168250704093,45.5836433586363,45.9341476671183,75.9661715272287,68.0105271966996,78.2448509866979,79.3740155419416,84.2058051910405,77.6544041960861,81.7768921207875,64.4870625774415
58.0625319480284,51.5562979872485,41.7823978289393,42.0230996831988,56.8071018509983,53.8160252108522,57.8151109085836,58.3146197399307,60.5172985590869,57.5539148241948,59.3514416259035,52.1968637247971
11.8810720074599,6.99452362520674,2.86466560133789,2.92609050811592,11.0446249502232,8.44154922993141,11.7162272004371,12.0490267009075,13.4412041397589,11.5422043720415,12.7700094888361,7.43265122283674
-70.0014802378021,-75.0779303579804,-81.6005452381518,-81.4524846655331,-70.9226276842557,-73.4084360715258,-70.1827043278513,-69.816989668297,-68.2438657661578,-70.3741821878737,-69.0465180382375,-74.5899484743404
54.5564351339051,45.6699958350693,34.8249801583494,35.0606408636659,52.9247582711054,48.5612855141762,54.2348652742068,54.8840708190785,57.6880804949382,53.8953918836225,56.2551691218027,46.5113831763234
71.2739162425166,65.9168863717889,60.3046012158641,60.0708787343988,70.631231738831,68.0717180225454,71.1477366412867,71.4022362472036,73.6303035136153,71.0142775699834,69.2815767954322,66.1214893975757
-14.8121094151552,-15.8084801304458,-18.3595343595227,-17.9405075597701,-15.3222814524723,-15.8738662578903,-14.9127397328,-14.7095313582719,-14.9687648756823,-15.0189236244445,-11.6245927763918,-15.4023523675727
