6.84488050437633,2.60700028352492,32.2636225991061,36.5520711870943,3.57400204772329,35.0379766462232,31.487078165211,31.2985746472494,30.6298306968005,33.0476638189193,31.3659883614769,33.8428308690833
-6.27540619154487,-15.0471625025782,25.7522148931478,37.8045600499673,-10.8916899857199,33.5820893670096,23.6047115518842,23.0759838100646,21.1595075361427,28.0693739231944,28.6027574728033,30.2668923438874
-27.9515193033589,-39.7293601458372,-86.2850333094315,-50.3742738744165,-40.3520160056715,-62.9530254198322,-92.6641763251669,-94.236631917067,-99.9489248752409,-79.3515483959794,-76.2544648432957,-72.818028384372
-40.9402441877086,-60.0604851496622,-58.6937381804247,-33.2885931740028,-50.4709779048781,-42.1877096668325,-63.2189363225324,-64.3333961018558,-68.3747550638109,-53.8044310818931,-52.4503236280164,-49.1739075862039
36.0174352202343,39.2321033081387,61.7555651700241,40.7823350211322,31.9360065315514,47.9425684620312,65.586116573087,66.5373755381054,70.0209636225051,57.5575603194826,53.3595700338727,53.6979444960929
58.8517248247726,82.3034781063861,104.398522055204,84.6230620823697,72.5419736185451,91.6944695251615,107.785576812807,108.621057525022,111.666300792476,100.61523437744,96.2709283806703,97.0919449595069
-105.979473642453,-105.979473642453,-105.979473642453,-105.979473642453,-105.979473642453,-105.979473642453,-105.979473642453,-105.979473642453,-105.979473642453,-105.979473642453,-105.979473642453,-105.979473642453
154.058630069436,199.655198056254,289.054376772358,188.25434812406,175.290054199168,223.359317180044,307.04896665513,311.495409713744,327.696067442364,269.387412958346,255.71132767324,251.022320437582
-105.979473642453,-105.979473642453,-105.979473642453,-105.979473642453,-105.979473642453,-105.979473642453,-105.979473642453,-105.979473642453,-105.979473642453,-105.979473642453,-105.979473642453,-105.979473642453
45.4787513747666,55.4963273067511,71.5940722363607,57.4098409215065,47.3925694550369,62.3613224826686,74.0854355515616,74.7042688545036,76.9792832582355,68.7839068805182,64.1600678461032,66.2294264463507
49.1494313581343,60.6332494526136,82.3200401124763,63.8091460545086,52.5310537570645,70.2760136313469,85.5797374343441,86.3880061567162,89.3514238808068,78.6738731609908,73.6469691680557,75.3324399709124
42.4529603183444,53.2041006433708,62.4187168976252,41.6852144044142,44.2374207304304,48.8763224946652,66.101932059903,67.0203281833363,70.4020117602294,58.2628452020183,50.0795128695032,54.5203783716481
-19.2752908493009,-35.827653073355,-26.5021448506942,-7.71091988669497,-29.5461811873484,-14.316329078914,-29.8738392912634,-30.6988996823452,-33.6620775129542,-22.9657273128558,-25.6665344608248,-19.514492948865
-1.48423207130159,-8.17840256803262,3.11693664611541,9.83528687782314,-6.25746438236625,7.46579629084616,1.90306774101791,1.60783545800631,0.557331201749622,4.35394599184171,2.12279248548675,5.59681126744067
29.8532900769519,39.6335900595879,39.157170851023,35.482593552635,35.7721737817275,36.9016584553018,39.6631079042142,39.7918875500966,40.2898660903748,38.4295524481268,32.9538134516644,37.8550107104047
26.2975913943896,24.8477099141573,33.2753008702237,35.6817880135003,22.8735585877093,34.8649901010488,32.7720937510117,32.6501535647442,32.2337733315248,33.70165923002,31.2245800498087,34.179616686188
10.4085662297814,-0.548690494639281,-5.07837367172403,9.25666604818609,1.39250804086419,4.26417606518656,-7.72826409076932,-8.37757043745471,-10.6955653551966,-2.37779594895233,-5.43192647105819,0.288002650656605
-13.9949998433685,-34.4410197080419,-57.3759056079694,-32.5976494430102,-28.2171477763786,-41.2682342748456,-61.8823528669083,-62.9862363008257,-66.941976410501,-52.7037721185598,-56.7529488194116,-48.1286043827607
-15.723013771664,-39.0001311618442,-63.869808561933,-35.0256580103492,-31.7421412748253,-45.1116864055883,-69.1159824852827,-70.4021237374582,-75.0155546875902,-58.415652350924,-62.4893596951877,-53.0926263326774
8.43057875328448,6.07697315650952,5.23612100142989,17.2306185116514,7.27547804401034,13.1708070067635,2.85852990785348,2.29521495581322,0.361198868253343,7.30877805296797,11.7533354178159,9.69995941241995
-59.6017904252793,-29.401895238728,-43.6319964961347,-32.2867540424939,-24.3844217193182,-35.6022241647294,-46.5413504665829,-47.139241214082,-48.8490646144955,-42.5856832360219,0.943578837635251,-39.5811412443107
-31.3037788042062,-52.3903407979785,-84.1591583929382,-50.1028415210442,-43.1073921605025,-61.9076296593213,-90.4845267382131,-92.016180605789,-97.4405205105956,-77.8995493006818,-75.005308832352,-71.4679224588722
-66.6057489774015,-65.2406747169731,-51.8698894952577,-58.8873000195568,-69.5079463672034,-56.6555342190009,-50.4132761452088,-50.0873852510339,-49.0057933569012,-52.9554989503938,-65.2890254173748,-54.4887208072272
82.6632945245844,71.4009084655741,63.9238548263798,71.7778155186801,72.5831766794265,68.7888685262052,62.7193612192911,62.3925168498716,61.1213607542989,65.6605746199271,52.2820147541353,66.8509252692202
48.338162382271,70.675262137616,86.2260760210377,75.3376188810119,64.7521335907143,79.9695278470119,86.5578572356689,86.8378019580218,88.7384527441865,81.9780896660261,104.570280147475,81.544509149523
-48.0428463167886,-26.8896474057552,-34.8909041485046,-21.4744542531392,-25.3147185376207,-26.0312298405156,-37.757942959687,-38.4123531861403,-40.5130356088839,-32.9487493818943,-17.2172096698958,-30.0920217606292
23.5350316494387,34.1785746169351,30.4234171128505,33.306472172058,33.3019480788492,33.1037825747688,28.2909019024972,27.9663864500259,27.6882941216498,28.7890257728777,50.4134715863523,30.8775873942662
-10.1847835787357,-15.4386117332021,-45.4402054230787,-23.8348022952857,-9.45452713289026,-30.6101206470867,-50.9229275493649,-52.0692056102508,-55.309295601072,-43.5214186607508,-23.2126201235681,-38.0040089723593
-47.2538804721706,-69.9841149023915,-128.839119546476,-86.6517372491441,-56.4578666150545,-100.652522600005,-138.004813952991,-140.054477680393,-146.550771111367,-123.01422883718,-104.151756622737,-113.727394542856
140.131789673437,69.8542383524039,-175.2080937935,1.52059842773511,101.633043776098,-56.3904441787626,-215.502009326434,-224.326992717117,-251.314889252342,-153.451157985572,-66.6244706116872,-112.783549657266
-146.381070523311,-150.517336979202,-89.5524284381439,-133.503555166891,-142.705595523148,-119.943703814133,-77.655673710131,-75.230036265275,-68.7432762434445,-92.3762723461388,-131.226139631483,-104.276609421433
31.6023682258258,31.7872039962491,21.2593996783692,28.6512101538978,41.5402338890409,27.7864855218493,16.1381921288513,15.3468019743826,14.6301866400689,17.4349976459604,53.9242690900721,22.4139757077218
17.5425237852396,49.8058488538279,100.242953077006,63.6836368237878,31.1558644486182,76.3787635444967,107.018500255501,108.652747545888,114.422892233404,93.5947071366017,91.2341112953683,86.6733481230694
37.3962261641998,50.0433922475604,75.3398889068925,56.9653442057767,42.7792140452562,63.1789207470785,79.1088014659246,79.9746623052174,82.8305159832261,72.4998182874884,67.4993327346649,68.6731177059136
0.376914325629585,-4.42885446016916,-7.94701764515087,-5.76722547308899,-4.16099835718224,-6.76941188351101,-7.85613100961282,-7.89244255923502,-8.28841912967799,-6.8862303477204,-13.3310997579587,-6.94856878850185
-28.8895967747777,9.94540131185069,125.178502960585,34.3198663756692,-23.2108027508581,66.60055404258,139.602230570906,143.371744708617,158.127743638844,105.028635793452,89.4122027309784,90.079275446031
86.8474918339036,22.4145385323789,-98.0833659630131,24.9002903750689,54.9087621941901,-17.9924170938069,-120.04752967459,-125.467658068379,-145.177910486779,-74.2063329927101,-62.0891242567104,-51.7784867700811
163.736966393668,163.552130623245,174.079934941125,166.688124465596,153.799100730453,167.552849097644,179.201142490642,179.992532645111,180.709147979425,177.904336973534,141.415065529423,172.925358911772
-42.1180589924269,-17.1185881867124,6.53602415639254,-9.42165929972498,-23.6718175438823,-3.02118234014768,7.74616176539772,8.24386714659863,10.9489390456428,1.28152359112552,22.9812347712694,-0.0628265875062706
-25.0461327445691,-41.8377208947764,-65.1443787100269,-48.8488764431299,-36.3972331795967,-54.8064948175224,-67.5793798215697,-68.2352591040778,-70.8644331426743,-61.4046735854277,-68.8414749622737,-58.8818328010536
-71.9585711821477,-34.8683884889945,66.2804393964172,-7.12308290721557,-54.6347208552669,17.1938094023639,82.4364971991991,86.0318212979923,97.3176224525889,56.4339694217324,26.111889295912,40.1011317257065
-18.7782980358527,-26.1272294169975,-51.4634539735348,-32.8043614755547,-20.5262316287074,-38.7933313028419,-55.9667555005546,-56.9290880255272,-59.7517352426449,-49.5011882980894,-36.5257416771044,-44.9673031853477
7.34080804727419,-1.28863043203822,-20.308243895278,-6.90648805467706,0.512032080990465,-11.546965940792,-22.8693181161393,-23.477164941711,-25.5728141163688,-17.9999841225064,-18.0446110570556,-15.3902847996255
82.1591218441974,64.7409629871322,19.1111508075846,62.2788275534753,76.8731374765578,46.3718874413176,12.5748116702612,10.809125766655,3.78700570232269,28.9641866866249,16.8376087936491,35.6213163764854
70.3866857720389,42.4735280485369,-14.0912797497464,36.282935459343,57.8287769775137,17.7106617355415,-21.7540768023965,-23.81478542387,-31.9690615887861,-2.70746068170038,-24.2266909070514,5.10919307632176
-14.0074274182211,-19.5177765489902,-25.7013099316371,-21.6187769189865,-17.4650197317504,-23.0632209506126,-26.569170428569,-26.7823753166798,-27.5001008726795,-25.0164666386009,-30.0487691357226,-24.2162666113416
-24.4997248799569,-30.0931145703707,-40.6914428801533,-32.9062880909307,-27.5202700925735,-35.670504859433,-41.9176290467187,-42.2172047405993,-43.3452792087731,-39.1482800195755,30.0487691357231,-37.7900657689078
40.0130263396842,10.4418203502075,-53.5557469974139,2.60111938375154,27.636717536883,-17.9122018665069,-62.3840211494919,-64.7109456306517,-73.7532946513776,-41.2641573814542,-54.2946956013704,-32.2446422939039
55.3948441682529,52.2966954654688,51.7899312802282,52.8352437614394,51.8932243132316,52.753969310114,51.4550789778641,51.3587510607023,50.9129414950821,52.2783413035613,-28.0902536439875,52.5137264289844
43.5980060469333,11.1707409709396,-39.6001267585969,0.11207864478564,21.3961903465488,-13.1673255645225,-46.0962243238043,-47.7234381862583,-54.1800548623927,-30.7917032259283,111.393880167122,-23.8077107427934
66.7198308290345,48.1048114584297,114.016474781927,65.9856261661901,33.2226023276814,79.3397891115768,122.175025369253,124.170482449999,132.420486830121,102.348365831878,-50.8063826195915,92.9731494937599
68.7205769650174,27.0163978905592,-0.437526744304062,25.7967592488074,33.9423446806522,14.7469711801541,-4.35200862309779,-5.4126550776008,-9.35522232186312,4.75506353539039,27.5735318661798,8.45665340747748
57.1105613706771,12.607860318646,-19.3933151099332,9.99577685498227,20.7928954378676,-2.15721435904004,-23.870840527664,-25.0684510299194,-29.5029195705939,-13.6108383304699,8.76803921569507,-9.32592271932156
279.474055002372,176.021267843773,-49.1819339824739,157.268548465017,231.918665675502,82.9598779612583,-80.4486177548526,-88.8468701318851,-122.596506146197,-1.33063181262854,-10.0862614582667,31.0675966956596
38.1850107765603,-12.324258559781,-53.0859355962405,-17.4407598138277,-1.73028268739479,-31.8279497093398,-58.660963547094,-60.1282369388558,-65.5344945742525,-46.1265714755424,-23.9630378442694,-40.713393025432
60.5665951744095,62.0847898751668,24.9179242117147,57.9775401005771,71.6920053702804,44.5183867216727,19.7945689751633,18.438548879493,13.4335510464346,31.3901804605398,53.5767992241418,36.3399233252265
36.3891628935213,30.8746709676549,-17.0721341075173,23.6366890875348,43.450734837237,7.45824548790153,-23.5424717311801,-25.2287227287819,-31.4228903847724,-9.16282082415904,12.5851319477385,-2.82595799554204
27.4786935149677,19.4558186678535,-32.1311366724902,11.1259844453391,33.0376578791237,-5.94952969673685,-39.0538358214548,-40.8504710355436,-47.4415027879609,-23.7444296240696,-2.26748870947828,-16.9400339194276
47.5122432247587,30.5756076015837,-11.8140354314721,24.040543296177,46.3354683745886,9.52415821970551,-17.2755416475927,-18.7463982461498,-24.0790668541528,-4.80122424892264,-7.43378034966247,0.568019177452772
83.7473908425042,77.2593496045719,50.6614023847256,75.348512376898,88.666529492513,64.7924680751684,47.1703895819516,46.1820584098425,42.5862836606958,55.5776645614102,53.7222892527504,58.9158447874914
14.0641960070278,-12.5173590199074,-69.484047323495,-23.3209685310131,7.26038729624969,-41.4930766813708,-76.7644824267596,-78.6807500228885,-85.616715750475,-60.5359474846876,-7.43378034966256,-53.2918642331153
-9.09177153766136,-49.7227179892799,-89.7426333906596,-63.9412463944712,-21.3175454291862,-73.1540045229264,-94.0565180346767,-95.2562892403708,-99.2974518502809,-84.6284674435724,-26.4801285166807,-80.210641990902
-3.48512603875126,31.2474814873672,12.9946643770809,37.9800900902035,4.75851190162162,30.3712698655006,8.4735704954237,7.13414606415363,2.99260223121838,18.099908716147,56.4384862806075,22.8948566273307
-3.45389434116359,22.795656977868,20.7069791843897,30.1053059678133,3.20646696259526,25.4577873888068,19.399834982592,19.1686602550224,17.9342127639385,22.3271298259505,41.5396162126928,23.5109095872817
-32.843781705745,-10.5284283543725,6.92557017960436,0.395353612900262,-28.5625026296428,-4.8699390512585,9.65202218833934,11.1324505049548,13.5382963348685,4.30441566759514,-0.549785147358506,0.593374478847597
20.4731299924064,24.9459729347502,-12.3062139995091,20.5458355047958,34.7134017991626,6.94965671456771,-17.1806385757248,-18.4652614579431,-23.1785552148247,-6.02151896220491,16.2727308572665,-1.18447089422391
20.4731299924064,24.9459729347502,-12.3062139995091,20.5458355047958,34.7134017991626,6.94965671456771,-17.1806385757248,-18.4652614579431,-23.1785552148247,-6.02151896220491,16.2727308572665,-1.18447089422391
-20.0440407743944,-18.4515977559086,-54.2254332024672,-20.5497417678935,-21.8897019518515,-34.2306609198597,-59.5412312140438,-60.8330006144468,-65.7985508957208,-47.8919666622207,19.046348167018,-42.6442492331577
-36.4863630307042,-19.7618968726671,-36.2465060145563,-16.6677581317744,-35.3831219559849,-24.9255788964273,-39.3499796439577,-40.0210313166745,-42.8388556057497,-32.7151118995896,-14.2111144212219,-29.6797864435105
41.2632001507617,55.5468504825072,56.4337090329046,61.6827473079684,49.4575840190585,49.9676355082151,56.231669376171,56.7596800228302,58.1711399348225,52.9139087624398,59.4033135798381,50.9405252850796
47.6400866104419,64.4908177432032,65.1596255198517,71.7197483378231,57.3064771066582,57.638536146958,65.0043735273314,65.623122254759,67.258524339277,61.1601950797715,68.9802909544958,58.8577003110613
21.5430120951406,29.0712043185179,33.0562950060662,32.3251798080729,25.8887972831462,29.1551116876099,33.688271909904,33.9857401621193,34.8712143763184,31.6111977279803,34.227920240832,30.454417931287
-11.1718462363973,-13.0771545656576,-23.3495769644058,-13.9981567893658,-12.3297490328722,-20.7438136933237,-24.4966576082537,-24.6348368421242,-25.3175151059786,-22.9018075585871,-20.9867617652316,-22.2248444501602
-40.63477674342,-51.035875224166,-74.1485830066221,-55.7168533275698,-46.7492890099948,-65.6826777401928,-76.8978790219768,-77.4284014375911,-79.5233544243586,-71.9961019678883,-70.7129847072933,-69.6676739735743
3.49266904663184,7.54372766752389,-6.89690006197881,9.13554101720284,5.72291148016337,-6.20795918268939,-8.65147127364669,-8.59976307487484,-8.91494020688852,-7.92486098123677,-2.06027028366194,-7.8857909183466
3.46866444837319,7.49188074197391,-6.84949868698237,9.07275379371693,5.68357875521379,-6.16529279655407,-8.59201098997902,-8.54065817401659,-8.85366914017449,-7.87039458274028,-2.04611035044089,-7.83159304261913
6.32972120424613,1.52212856128848,-7.68673948210141,-0.226321650056782,3.10728957352948,-3.7952832759145,-9.94037033647741,-10.1852879511771,-11.2249554087883,-7.57734417939391,-6.24516192276827,-6.52260465370151
52.0919774904861,51.3743085810319,9.70463357516707,51.1977969543558,51.2547315116223,13.2250995938406,-6.94039669113309,-7.09153334847201,-8.12859928775822,-4.57517372518197,0.793677814548488,-3.73024533223472
3.30907919827439,25.3649111036928,42.1279292733388,33.4397285810006,17.8673717276467,26.1341873330025,42.1525426747436,43.2036897132658,47.4156439869695,32.5844585700441,29.742554375408,28.1804176221097
34.6489282497687,42.2549372881192,74.4514610073557,45.8067316342584,39.2253980627047,65.8187020689913,78.7816568560927,79.264530241574,81.4918387160814,73.5790203792824,68.7177984715048,71.2973548065644
13.0668175903069,19.2198934970973,7.81844288632172,21.7574477104169,16.5176659576663,6.96059646993081,6.08306364721103,6.23559710076478,6.29549293944733,5.93007236604688,11.8147138977179,5.53716085485907
41.1338972627074,51.197760794529,83.8140776598883,55.8026322003933,47.1236967806385,74.0618230254765,88.2573752015021,88.8313761163346,91.304094479944,82.4784576600667,78.717071521482,79.8557223379426
-14.5521230951636,-16.9509929791943,-37.9826656681988,-18.1635735304319,-16.0700160069444,-33.5174944443431,-40.9804271942075,-41.200451852306,-42.3990007052466,-38.1850549182081,-33.8535360311562,-37.0522890555653
-13.8125620208701,-17.9732193796911,-19.6982207498206,-20.8134589012756,-15.7156795149661,-12.1950070299234,-18.8472750899706,-19.2185318185464,-21.0882588393278,-14.361043972619,-8.63746519133435,-12.423905261928
-14.6003938502776,-18.3740392458647,-18.3644672054849,-20.9620122987116,-16.3071235008674,-11.6438837174606,-16.953782429203,-17.2871920418916,-18.9558152536246,-12.9453963101436,-7.9209178944299,-11.2078790184751
-15.3334680184923,-19.2965851494228,-19.2865325045051,-22.0144982718686,-17.125891208024,-12.2285138622703,-17.8050183670709,-18.1551682113589,-19.9075716680325,-13.5953743675567,-8.31862088494519,-11.7706177139634
-16.7503788717596,-19.5962636378419,-18.4121850627863,-22.0413585977919,-17.7168243078325,-11.7144976105388,-16.7696756039913,-17.083917923283,-18.729997240299,-12.7769654746913,-7.13177859329588,-11.0641952156783
-26.0346946731192,-23.4255604629729,-17.0553308903814,-23.44690271356,-23.6894469060469,-15.5974337903039,-13.8701462654558,-13.8749663457005,-14.1808522657511,-12.9979800038303,-9.44771416497869,-12.6930934862116
-27.3975061369391,-25.761059223838,-21.2502589874452,-26.2734212608061,-25.5857018311963,-18.8648187809975,-18.0493860794304,-18.1090389831554,-18.6408879996611,-16.64124403491,-12.8389434468647,-16.0845806416698
-24.7848291065615,-34.6261197366388,-52.9271014082568,-40.0897996781275,-29.843368392789,-42.0811050041159,-51.5730891424791,-52.1841279516103,-54.808120104834,-45.2947781245264,-41.1794787487253,-42.3843363518358
-30.0943836294396,-25.9614264771143,-13.8609893313829,-24.2001446184572,-27.5431692473086,-17.5119481430718,-13.5984026298303,-13.3762919919556,-12.4408175287313,-15.7670311557567,-16.9507293558594,-16.7557849619755
-36.002652358324,-26.3027502372736,-1.67780937444455,-21.7131866340619,-30.379955358281,-11.0192918423074,-1.7721724497342,-1.22138971813754,1.11648292695321,-7.26199316906495,-10.505663663721,-9.78220733024031
44.3985422520049,48.3802872686043,45.0306349483419,54.6156553576765,43.7389204692051,28.3155489135671,43.728726897803,44.4506915981579,48.3906875628154,33.9304833831834,18.7702845299468,29.6968749181151
-44.3985422520051,-48.3802872686045,-45.0306349483419,-54.6156553576768,-43.7389204692053,-28.3155489135673,-43.7287268978036,-44.4506915981581,-48.3906875628158,-33.9304833831839,-18.7702845299466,-29.6968749181154
-59.7175048795542,-41.812759041526,-23.4211281348653,-31.2471534598579,-50.8480728990254,-45.9940472133169,-8.0468849925559,-6.82541054810279,-1.33169673328162,-21.2231587743606,-32.3844292328612,-27.2104781014654
212.754224173338,127.916456385343,-163.198408764401,91.2829222988271,198.69606334782,3.62008884968121,-202.623643124106,-213.017352581884,-255.016992976318,-103.678997644507,40.7201211613249,-61.9055527980998
15.3189626275488,-6.56752822707887,-21.6095068134766,-23.3685018978196,7.10915242981969,17.6784982997489,-35.6818419052475,-37.625281050056,-47.058990829534,-12.7073246088239,13.6141447029132,-2.48639681664926
-51.8301073787308,-50.2001097650496,-74.8301012909201,-54.2285326917623,-48.4829494390661,-52.8863713466255,-77.3260836245274,-78.1428610753972,-83.7790965162731,-63.6276753717522,-33.0521891434577,-58.3355270871424
-51.8301073787308,-50.2001097650496,-74.8301012909201,-54.2285326917623,-48.4829494390661,-52.8863713466255,-77.3260836245274,-78.1428610753972,-83.7790965162731,-63.6276753717522,-33.0521891434577,-58.3355270871424
13.109990357878,10.0040096923757,13.228184898193,8.74395240495218,11.3497359528218,13.6431466946063,11.4207792988287,11.3444589113661,11.3156419435728,11.4914054505884,8.52911545345467,11.6846706629421
35.8019971538105,39.2551335224181,52.3744437224951,40.8976779152979,37.8683407802407,48.2690757038722,51.8068131487852,52.0332450628923,53.0936496400726,49.3269537181445,46.858789878531,48.2461560388824
-15.4582221655737,8.28029609180518,82.5262275065691,28.0570084439853,-6.50463117575484,23.4669489568969,95.050329774234,97.7966205907993,112.583237301317,59.4186357257508,5.73212551467428,44.4062492222765
13.1118794973243,23.7633153614286,31.9612375145405,28.3630215941899,19.2744180647586,26.3376933786097,35.1888399139233,35.6137697505477,36.8980006324101,32.1785930718683,35.6958743540395,30.5176556850036
273.531408966459,264.382456321898,-116.020318829006,191.17123621246,248.236962290842,149.145462447971,-182.041990548149,-197.1254299673,-263.345396851731,-24.491133723641,199.915964605002,42.5156254184134
-6.40040458482214,-4.29446251262979,-55.5854895976755,-13.0491060313799,-8.45386606278762,-19.30094013108,-64.7776389277169,-68.0736772835488,-76.3351400558844,-45.7900879371597,-3.36427910520583,-35.2797214266338
0.847851737486027,-1.65115714154407,-48.9953615631467,-11.2646643713691,-1.73866536385718,-15.6093517830567,-57.4027144471943,-60.5143385985479,-68.0618686063394,-40.0910876795298,-2.77850359171687,-30.3635571519964
3.6598089830747,3.89515004172338,-123.899144268539,-21.8024764916986,-8.80368945276118,-51.211468448018,-152.94910791984,-170.199040447608,-180.500159402853,-135.704095938518,-24.9484472592103,-104.661754380356
-66.7455570503378,-59.2067383597088,-87.8796516769209,-75.0099699361331,-72.5042074589026,-78.8434624390702,-107.241680501568,-107.699923175187,-103.708635618829,-117.62069255701,-56.9587263977345,-99.6943630561425
64.1873164810185,39.8174841110415,-49.5825653946692,31.1071648805275,53.1246634637445,4.87920695683508,-65.4601040030599,-69.4681162886292,-81.4680776515545,-37.6643515132236,3.73309623093843,-21.315935212319
-180.941731806742,-162.773591105823,-93.3727708267533,-189.134044677414,-182.209475030125,-157.982394410042,-132.952167680151,-128.700740986308,-115.824587473262,-162.799577284066,-148.546142267752,-127.451202164681
57.1741784822637,37.5164532519164,-88.2138701692721,-13.9533430055376,48.0380983208546,-38.3643592153348,-108.328291213141,-112.068671840634,-123.105268875237,-82.7883147849575,-35.7425491901425,-62.5887397003046
-48.7972792793114,-18.0733743892291,35.7113359504377,-49.0066388409682,-33.2049743381884,-21.7712948188153,57.9127204007161,62.1641470945587,75.0403006076052,28.0653107968009,-18.1573371655217,5.71462241919862
-132.144452527431,-144.700216716594,-129.084106777191,-140.127405836445,-149.004500691937,-136.211099591226,-190.864888080867,-190.864888080867,-190.864888080867,-190.864888080867,-130.388805102229,-133.16582458388
74.0095411109249,63.4913205017842,0.790084390313606,65.8613841886368,70.7154751350814,33.8433872970108,4.07601382886824,0.492516171882151,-7.67553326580019,22.5840079344774,47.0786848030427,20.7933526664291
86.2795585004118,81.5908119537992,29.0479966549564,87.0909628148302,87.925225760431,63.282794942532,34.8996044999819,30.9585449391251,22.5965998738817,53.8829630789817,70.0682235996396,49.9032853521069
30.2355082226651,32.664333719694,-57.9094117591811,22.5701604508373,26.1428072536077,-8.93643969561397,-71.3020425344396,-76.333896777312,-81.8432470604421,-60.1666406606868,21.6873875003024,-46.1050891269101
58.4718093493276,76.4631227364441,98.3063882638023,87.8414933185818,74.9211692573766,109.492461761145,107.920876968921,105.911205588094,103.487527913367,113.537772029682,89.9288061110008,105.551790070899
84.1988381994101,71.9536346151996,104.035392665524,66.4553340253814,79.1959172126879,80.4060002235594,104.955654229466,100.081278611365,92.8491180711389,120.816128335042,87.7328709512909,121.746343211683
194.721200303864,184.595830368018,77.4129633471953,166.427457931302,187.469074666343,161.762037112984,63.5181570817104,45.3506589632475,20.7586099546488,116.305957002944,164.284004281753,135.598314564521
79.9305113933225,73.3323169252984,74.4555154211447,70.313224992793,78.7641523579816,87.1846492810218,75.608719632088,69.5005100656331,60.4376975827587,95.4839010400254,69.7690002872446,96.649578011504
96.4272856271197,104.59547863698,53.7864305265522,107.516928346714,102.645405863804,116.558800718694,33.4844543959633,28.9066888999628,26.0590957022956,143.216163269478,120.691142579981,132.552509370664
36.7291620836429,40.0874002242155,53.7864305265522,40.7323399375072,40.2131241782936,47.7855786266447,33.4844543959637,28.9066888999631,26.0590957022963,71.8419466517684,48.9188598937186,62.2157350023315
-8.15025661329773,-7.92519199389421,66.1245222576053,-9.90627553295917,-4.5410534001296,2.70774554894837,74.0110002319026,63.8927226819799,57.5986610162085,51.9875962710555,0.724813573392957,32.2631336972963
-3.76464234042801,-3.66068392098922,30.5432317094653,-4.57575584141448,-2.09753418958369,1.25072056308571,34.1860334404503,29.5123528578669,26.6050958027249,24.0133182775828,0.33479484104344,14.9024950887511
-35.3292236130982,-37.7768226175181,17.438901791431,-39.879735359701,-35.145516371702,-35.2268691516754,33.4844543959633,28.906688899963,26.0590957022958,-14.3100213593536,-37.7135922029678,-22.683992413839
354.013411382696,335.697778468097,122.994027403787,284.231448370885,335.971745866888,268.229412475156,86.022319335946,32.6887088434898,-24.7148161298668,174.716979239903,287.704103619569,212.417526463128
354.013411382696,335.697778468097,122.994027403787,284.231448370885,335.971745866888,268.229412475156,86.022319335946,32.6887088434896,-24.7148161298668,174.716979239902,287.704103619569,212.417526463128
196.904571487604,182.412792581666,185.436136588261,162.711418772282,188.030764098537,167.575473650524,187.535175311265,179.034974057068,154.869365600049,181.550143143708,168.674753403327,176.077241991186
153.946583027358,135.524382985899,121.399835722399,123.490455331759,141.117021615793,122.517147609429,120.29699878843,116.574890648369,103.943677817083,122.127062400699,119.262809552902,122.385980967194
60.2694165293429,51.8669603763632,45.001177808828,46.4644044451506,54.4790843097914,45.847768365651,44.4259099446078,42.8002465362635,37.2782327411998,45.421007649361,44.14943533277,45.6356690399603
45.8644266042394,31.9923485481955,18.3734100776082,23.5377004161492,36.6353866725586,21.5883149763343,17.0340013350201,14.7384227874207,6.91145697631779,19.5418316283248,17.6303365638198,20.4169852123475
-18.2157230022752,-32.9418281520595,-50.2479060729998,-41.337312405145,-27.6006536872666,-44.5684057374173,-52.1558177083502,-54.1083614703357,-60.8085973376498,-48.4146946758749,-50.2096045628754,-46.8361076731253
5.17762800407833,7.0584094817949,11.7378281384546,8.39986239604114,6.78875398787482,9.5716817394158,12.3351290685738,12.4816392939598,13.009727260818,11.1043399275355,11.3389037504744,10.4930182417261
-30,-30.9535254161171,-30.9535254161171,-30.9535254161171,-30,-30.9535254161171,-30.9535254161171,-30.9535254161171,-30.9535254161171,-30.9535254161171,-30.9535254161171,-30.9535254161171
4.50069871084613,3.4627363087344,2.81111163885703,-0.859379952632433,3.96607476060024,0.16526829515211,3.26613734503276,1.66177395583458,-3.69945529174434,2.16874204297139,1.10269080404359,1.38399311228685
-20.5894588231301,-23.6505867815109,-27.6412142674155,-28.9346785218399,-22.2740616629604,-28.7448096648732,-27.6117709050543,-29.3225079485341,-35.066667712769,-27.8324024653682,-29.0670215698576,-28.1819479711995
-56.4753882711772,-62.4262727063525,-71.1890934750884,-69.0736324313172,-59.8027007482217,-70.080188737761,-71.7694153899964,-73.6277362161732,-79.9043409347067,-70.7333892540981,-72.2060279999691,-70.4584873099828
-17.805873962335,-19.3248954787095,-20.5197713011671,-19.9885117661732,-18.957166217895,-20.1692533967411,-20.6634516842753,-20.8453600863654,-21.4711369076771,-20.3928027000178,-20.5485645739106,-20.2951772566787
-33.5757703602706,-36.4401238715886,-38.6932497955808,-37.6914765500558,-35.7467126275251,-38.0322932656703,-38.9641817115723,-39.3071985580411,-40.4871989833831,-38.4538305677367,-38.747544031045,-38.2697424699658
51.1014532871337,42.5061723009596,32.1043465472743,38.5977447103371,45.3850139780346,36.3348107617586,30.8021185308891,30.0594725786813,27.4689331529385,33.4121260004419,32.6140784018432,34.602290724666
-10.6037163399648,7.5241596540693,27.258628896166,7.40548988007372,2.55046165886941,13.7573527957391,30.8420359462747,29.4516858882871,25.0560139701204,23.3584299631701,23.0526146301056,19.4792730727927
-3.38701881826833,2.40335270417773,8.70689917303216,2.3654474316491,0.814663591226472,4.39434735094766,9.85150420801311,9.40740124831436,8.00334412075316,7.46110507995001,7.36342213042591,6.22203219592683
-11.4784973667738,3.61269188811054,20.0499559160666,7.11514145597567,-0.797496901152006,11.3913189865499,22.5408382291532,22.7458013051685,23.6281417653202,17.4543544583845,18.0876589962377,14.9877760208297
19.0907701718501,31.638861327449,46.3837463889524,36.314988318752,27.7143951952611,39.5662790890204,48.3188228151601,49.0177026111933,51.8881497642256,44.3506765309807,44.6090468563237,42.399856596579
-17.3567287756924,-7.74525965492878,2.15128524720007,-4.45901044829327,-10.4023894867252,-2.42184031968395,3.46749888313203,4.01457960718308,6.33787543966449,0.774571778524402,0.789910803158111,-0.542858477142749
-59.5800608897853,-53.3705801372461,-49.0906915946114,-51.6944625718648,-54.5595389543814,-51.0638147166529,-48.4914119015125,-48.1201858400856,-46.4307483680237,-49.7070359128458,-49.9732413458643,-50.2907032620008
-28.0158115133982,-17.0311867441909,-0.237975439550908,0.383903744345204,-21.8995668617333,0.148398166305519,0.00594867483485473,5.15382900242276,24.1867132183199,-0.306278370517532,0.587333690620095,-0.184938899491804
97.5755448168619,91.1114224232699,76.5397005938055,79.8147184548876,93.1765813681675,80.1200244165303,76.1948134354678,73.4767445678936,60.3281344955602,77.3113820628124,81.9596599016027,78.4966319538545
10.707580434553,12.0395445682095,24.8974035205253,3.14227121066777,13.1862743678306,7.90532453854409,27.551681178331,22.6392693276368,10.6207292791293,20.8649574418814,10.6387753791974,15.6935897749479
-57.7991765732986,-47.5075705788423,-32.031531003167,-28.8460147200088,-52.0933444814804,-29.9837209377667,-32.2005681585125,-26.498214967011,-5.40520464149932,-31.6373141679657,-30.8030483382702,-31.0455052655097
136.388398939273,133.043602593615,123.619720065779,123.218720165372,133.762178711653,124.815321217247,123.932757979399,121.374621900034,108.800638190551,123.693839432569,128.603118436192,124.206177974886
107.921936789918,101.759364608133,87.7347351086498,83.677277625581,104.660701077533,85.9230958947268,88.3933760254505,83.0473816114943,61.4259770605199,87.1543720749142,89.6279361405739,86.7336272091058
21.3173637435391,12.4260866279432,-6.09959304218304,-6.93163699933637,16.5047776594089,-5.81898345149106,-6.01804239509609,-11.4998386097683,-33.6082771689136,-6.06802638722876,-3.8234021124282,-5.89839919920532
-23.1649973217788,-20.3477952958993,-20.681571893932,-25.3005208538285,-20.1253964992628,-23.9350576246547,-19.8798605494979,-21.6045975373191,-27.6948747205725,-21.5936754728305,-22.0786177676108,-22.5419204118126
-70.5398459200923,-82.3939411519232,-111.05115134082,-116.536724156018,-74.0243866962056,-115.141228082122,-110.559029062702,-120.821721576621,-158.127109690274,-111.939941473998,-114.448243936969,-113.174049691313
-69.5952874687051,-61.9607747459509,-50.6985723966856,-46.1312632847047,-65.3833717301905,-47.7518433255865,-51.1606498256411,-46.1859425838831,-27.7772511338459,-50.0181009125368,-49.4017400871773,-49.1741875563958
-56.723985262608,-46.9605242801301,-26.9394763155798,-34.0977434502129,-50.4491561281142,-33.0406038657359,-25.8998468924209,-23.0099189366491,-9.24000984400548,-28.4482139257621,-32.826291979111,-30.3449716694594
39.299538347553,27.6079709488635,4.45501331143072,6.90905839858367,32.8954150820872,6.86896205534562,3.94847554103057,-1.68332219829914,-24.3348889554961,5.11042093321503,7.1264120176604,5.8822056005293
175.877116929325,164.478036066035,141.81199189631,143.933390636808,169.639001454231,144.009214705345,141.365048782078,135.753619854343,113.177927383746,142.404070933645,144.441152392416,143.114597492183
70.1665852343678,71.1220290285405,77.6996694370598,77.8795517584555,69.267096166475,78.0732416504031,77.6923677041808,79.6178429336779,86.4312830213594,77.7694235418825,78.568782947253,77.905002109071
54.0581867373791,63.1116931641715,73.0587517921109,61.0913199192574,60.6471372417189,65.0357427706115,75.1753364997815,73.7672412180737,68.818668405024,70.7519244957953,70.7808937490269,68.4575506564458
8.93306957113423,4.95484997112203,3.38705045474983,9.37731253079292,5.22910181147726,7.53122253454863,2.34003007296484,4.01047570865436,9.90467579566237,4.55951422155703,4.95056958993274,5.75921729477922
-12.3974107016975,-17.7487739264274,-65.7397962207566,-81.4042862154726,-8.88187610956219,-75.7430390603948,-63.1191995170504,-78.6491868746285,-137.634987846612,-68.5880401307622,-67.5253636092974,-71.4000370037651
-8.30286104385049,-10.8760023896726,-15.913745986179,-20.3240245937636,-8.16447328723811,-18.6960034456544,-15.214323510002,-19.8149170356396,-37.2914641368499,-16.6894325228783,-16.3982568781877,-17.4691788651794
-6.58408832769182,-8.12432990123588,1.29378232581567,0.805707128690258,-7.57104832603885,1.02604070553804,1.32598471341376,0.548227497774745,-2.40922867405451,1.23881232448131,1.26159839859739,1.16660008965317
2.58354456361659,-1.29930249369454,6.54807024828341,6.61066608215157,0.614281960214913,6.66639509521001,6.44942110102269,4.3665585412207,-3.53497943316157,6.61967904360417,6.59702180419113,6.65838371674246
-0.0445646557271417,-2.35910111573239,-5.23592901550327,-9.32952321620717,0.0242222959246807,-7.81601282069011,-4.58942000276481,-8.71014710858247,-24.3656606596005,-5.95407877331708,-5.6843730905241,-6.67699647391169
38.696973087145,28.45918521509,22.7282088607634,25.0425722001348,34.3670601423143,24.3588453760423,22.1691785796681,16.4742467539906,-5.10085544757999,23.2664013859218,23.0735147313024,23.7353941737986
4.03716204917561,11.0185215879358,21.7230373252909,19.4338386005711,6.80118067612145,20.1709947305496,22.2074929633605,26.0492296179937,40.5947848041569,21.2374812283313,21.4139690781909,20.7949249762567
-48.0431981797148,-45.5794166656484,-41.63453173156,-43.6494581587284,-46.8227015683954,-42.9520387130112,-41.2627950465068,-40.6152113112621,-38.1766789341557,-42.0245678798509,-41.8806411694218,-42.3970689538118
17.318079971385,20.7797234977686,38.9897226046792,23.4206169338613,25.7163845207156,28.8508658997249,41.8155327601333,30.6323552031228,-11.8565788868747,36.00775726283,37.1101417818085,33.1439868723098
-49.2499345955066,-48.872931041933,-48.1277019047481,-49.4583705710302,-48.8556227868864,-48.9812923291919,-47.900772451402,-48.4015110932525,-50.3107484903709,-48.3726018863522,-48.2814286479848,-48.6128197527256
-57.0922568175373,-59.6259501714252,-51.3142056647975,-59.8225977748807,-52.1019258544244,-56.871068294771,-49.751850889829,-61.2449377793492,-104.850922838887,-52.9561695966359,-52.3499519329484,-54.5268268607627
-45.1223057931124,-50.4267351214753,-34.3235226715508,-43.2310311044729,-41.7065559089834,-40.0685705938331,-32.7694483409038,-45.7167186595351,-94.8452104578927,-35.9867956797882,-35.3691720801025,-37.6057210840981
-107.266457447799,-113.842750908848,-112.20530776458,-115.952726143366,-104.574091496489,-114.672574245339,-111.494889245831,-123.196945126724,-167.556147304724,-112.943721161747,-112.672064211232,-113.642444226392
-139.252924394659,-139.252924394659,-139.252924394659,-139.252924394659,-139.252924394659,-139.252924394659,-139.252924394659,-139.252924394659,-139.252924394659,-139.252924394659,-139.252924394659,-139.252924394659
22.5704097822153,4.17990207023955,11.1729533440384,6.18460600870003,24.9781205343199,7.93580489751617,12.0655761967225,-12.9202520443743,-52.6261734834179,10.2262512288089,10.5767898236951,9.31267537520029
-33.097624563668,-21.898228984724,-6.83399199458607,-17.0862692143274,-25.4519950500516,-12.8514178596426,-6.5001408267074,-6.2205546915421,-4.32020217976026,-11.0168399336656,9.56464517788937,-11.4126867175882
36.6328890526178,22.6109888606759,18.9254506488275,20.6381194607778,24.411989391773,19.2439717020678,20.2283058817196,20.3534977304712,19.9221116401762,21.3988080200274,1.44686886847221,20.17525758219
38.3023976629506,62.6252977270857,105.255257616334,74.9318188502533,53.1251679006022,85.5437753402679,110.765817165773,112.10694044562,116.89156098496,99.6222510661562,101.288239925722,93.988294469925
39.1727766863085,51.3759249126123,69.0501869113266,56.3568662134001,45.1127776270926,60.8462842488089,71.2371151198021,71.7840864493058,73.8049980211948,66.5193559343146,67.8762188140916,64.2751376351443
0.419712299391506,6.88263584094244,20.0259132791473,10.7361847024563,5.09020428230116,13.9640904367447,21.7726670769727,22.190577280845,23.6475275843101,18.3847414166522,18.5726601420868,16.6029403438948
-84.1418113993115,-75.2104721879277,-115.115201964257,-71.2577356667282,-78.9310941232856,-67.8724815791682,-115.115201964255,-59.615098363183,-58.1304213190123,-63.5040170250278,-62.8396917553573,-65.240146664361
30.8823814470986,45.4420305932287,69.4798981921978,52.3329864808817,39.1586302560488,58.3525458092318,72.5481940059336,73.3008074517752,76.0135607998605,66.22571068369,45.6447247979722,63.0853911649501
54.8826659976132,65.6279566135765,-5.01054226156743,70.3045428928535,63.2928471759598,76.6541677270414,-4.09028069762503,-8.96465631572632,-16.196816855952,11.7701934079506,44.1120361104502,12.7004082845918
-16.1181055060158,-15.6854323015549,5.01054226156761,-15.4149949844969,-18.0068448477767,-33.8429759286539,4.09028069762503,8.96465631572596,16.1968168559522,-11.7701934079507,21.3130639758001,-12.7004082845916
