24.7774075221841,22.0266539270838,11.0350736383766,27.0984331169261,35.5513640491419,35.7641216302682,2.14779187354939,2.70920738136775,36.8932489385634,34.1133547724489,33.4778914346908,34.9013516601193
-1.00937422684808,-7.9657445490696,5.31291060358274,7.08283279239801,34.987966558224,35.5871469952985,-15.9342935457962,-14.2106988857915,38.5829251244711,31.0011073299338,29.2913468199846,33.1396730103346
-46.6189765275807,-58.3977093876911,-142.477547383831,-89.6503867552717,-58.7706575947877,-56.9829489341416,-40.8167095865139,-38.3948590584652,-48.0992472082761,-70.6387930588889,-75.7088901235655,-64.2888552616647
-115.354504195685,-129.984007866067,-100.064185481253,-98.2283816299307,-39.2258750031901,-37.9628079626827,-61.1454748356119,-57.5059396446525,-31.6557623893551,-47.6273944355142,-51.2280722331498,-43.1228326651622
111.551598346633,59.9383369773845,67.0732276902469,98.3456607179717,45.5478878205676,44.5240347697002,39.8270683119282,37.1190329523605,39.6072533719151,52.4250431315616,55.3862341609221,48.7449624278913
152.409564612075,225.626759595692,100.102845925698,136.272478301445,89.383686094261,88.3804191152201,83.0028213525296,79.7022166326443,83.3987440682296,95.9157198651386,98.6380938483551,92.4626993710433
-105.979473642453,-105.979473642453,-105.979473642453,-105.979473642453,-105.979473642453,-105.979473642453,-105.979473642453,-105.979473642453,-105.979473642453,-105.979473642453,-105.979473642453,-105.979473642453
400,388.055548606979,399.308405900308,400,211.686179244499,206.68797728355,203.001741940035,191.459612154931,182.111795945668,244.917915166113,259.112214174888,227.15989005183
-105.979473642453,-105.979473642453,-105.979473642453,-105.979473642453,-105.979473642453,-105.979473642453,-105.979473642453,-105.979473642453,-105.979473642453,-105.979473642453,-105.979473642453,-105.979473642453
119.964682772424,131.743415632534,72.3854962849484,102.384939663604,60.7307864000515,60.022621025967,55.9443956591192,53.4767740519808,56.6233452943186,65.3860801893621,67.3379950732325,62.9272657318991
126.474920930101,139.735494375838,89.6934453449768,113.775570896818,68.1417588259523,67.2181856170232,61.2124892059789,58.4397804994548,62.7495329761166,74.2266845401473,76.7890176572499,71.0032396971076
121.668639551764,121.445090500714,17.7924828266615,102.15407604768,46.5247628643546,45.5003336855064,53.9612636639653,50.8256209593533,40.625223580421,53.2896788561498,56.1352077479608,49.7147455295497
-64.3839608631668,-75.7499781734632,-84.7117344631047,-52.8209861739971,-12.0995565375619,-11.166187969415,-36.7135909917847,-34.1241839433849,-6.37612582123133,-18.3522434869383,-21.0691391924345,-14.9668646643399
-9.04994694054082,-13.2999272455569,-27.1319149752834,-5.29344618959358,8.26724252329227,8.6006471209199,-8.57111719115373,-7.68041425472692,10.3559387068567,6.01861870114404,5.02893296815188,7.24727519927746
53.4232261175914,117.075814525793,22.4038866294746,47.5464881840299,36.4819615000005,36.2787118869566,39.8591811377869,38.8100386905791,35.361381542495,37.6687732035109,38.0803552749674,37.0993482852379
36.4375087117642,53.1650978736378,49.428713122366,34.8291115253452,35.1393271024048,35.2459374110422,24.6950879119099,24.5995608128945,35.8800601652346,34.3446599042115,33.9512739040144,34.8105977278713
-26.4820102491353,-12.3755767508293,-7.80440646681244,-20.6365478763042,5.93175954877037,6.62812031846256,-1.07909941665518,0.426607658698508,10.2521066079813,1.18656502480352,-0.918561606427781,3.7854607619531
-101.101503644078,-97.6636932735305,-98.2689014497515,-88.4534064124573,-38.3662804721278,-37.1480662789553,-35.2519083587134,-32.2190856061207,-30.866639414298,-46.5879984649048,-50.1921713487993,-42.1153775618988
-115.682322125044,-110.194915277017,-103.593034416786,-100.590874001957,-41.7399737868803,-40.3226872850293,-39.9574559772571,-36.4228715845468,-33.0361671494169,-51.3019489162001,-55.489417033583,-46.1045367716407
-5.27895986411737,12.3370031584283,19.4998864796558,-4.11998750158533,14.6843560123145,15.2607874040075,5.64028939927521,6.57053140756325,18.5709723156955,10.5314318999544,8.53228806526092,12.9268316180999
-31.7680642574053,-26.8685560992366,-7.80715444495268,-43.6375253547573,-33.5400864357272,-32.9974711449433,-29.5803675441739,-29.465235125711,-28.4634937874618,-38.4212078574905,-41.4334925717725,-35.0903910479884
-140.912438058737,-136.402130595511,-126.151451583146,-125.694487871222,-57.8028681677506,-56.1302336068498,-53.4761712487652,-49.4609211099444,-47.2509851559862,-69.2799450040752,-74.445391877581,-62.9333727948167
-78.1199162992042,-49.8964056734762,-48.6041983037867,-47.334120915964,-57.7030462247034,-58.0577106141947,-65.1062935064887,-65.6789885300178,-60.2135062288106,-55.038421544152,-53.6725886847098,-56.6369585094558
6.50570868137335,25.8949946375745,29.2686149320609,46.7683416152148,69.4880339884381,69.8722952510375,71.0977146376811,72.604553507675,71.4704788464845,67.2156137127434,66.4471136279035,68.280472358332
-52.441550815903,89.4409553563935,90.7610874151418,115.49319066403,79.8204270303547,79.1967698722348,71.2717372948587,68.0072992571393,79.7015206523384,81.6880522417229,80.8384832964637,81.9887112506151
-127.223064547379,-61.3528211272782,-34.3335519653568,-50.5495868687559,-24.2118156334721,-23.5837492176321,-27.2947348253908,-26.0156144119566,-19.3183283232315,-29.053738967354,-31.6057525915904,-26.0758681791584
-52.4415508159031,-3.405548434423,-0.157940888176711,39.6034969126226,34.5721782019462,34.632797125962,34.3698369736018,33.0311343617732,38.613889780267,31.8678931400228,29.0418425542136,34.6349679630692
-52.4415508159029,-129.630216849529,-123.762209564421,-63.568416285932,-26.9427412784683,-25.9518501519955,-15.7982355090441,-14.51890399289,-17.2446764666016,-35.8625307989118,-41.3756049076429,-29.7423677538602
-52.4415508159031,-129.630216849529,-123.762209564421,-176.988066457762,-94.5677414506538,-92.5541771518401,-70.9493425727107,-66.7919359513456,-78.6514958848605,-110.320401657232,-118.787392762605,-100.51409883494
-392.139608381423,-354.216972060208,-400,-368.43871401075,-29.6730410863884,-21.3557682420127,66.1061698520669,81.9037686753681,40.811627791914,-97.5727912551802,-135.815168254263,-53.911013015491
13.5719097430639,-5.85532618938067,-19.0867956957397,-53.8036914877707,-127.866533945808,-129.831448819505,-149.896650034222,-152.024471603015,-149.146696238771,-108.999947015656,-96.7034401761085,-122.457390091321
-9.47683520943006,29.3227055733546,19.6311938847054,36.2280939850324,31.2541868850008,31.4141928112804,32.2038250950808,29.5399815484025,41.0706117958728,24.7745319389981,18.0665082711602,31.3673307509362
172.631056370414,192.003361220754,169.080380025746,150.960384334042,71.9236347759735,70.1187258285549,50.8431568976391,46.0514917821671,60.4598973938835,84.3105667601222,89.8990499318316,77.4459224963955
112.654504769647,118.24880874584,116.939792652572,98.2317365440154,60.6891677035952,59.8015512819878,50.5049100956276,48.4551601955896,54.1994428120621,67.3026560089017,70.6535225176206,63.3464585536014
-13.7111478716897,-20.3269909778379,-18.7592002316191,-15.0355871893584,-6.84500979887384,-6.71132653290982,-4.57212716000051,-3.74766730734617,-7.12490516421269,-7.05521540253446,-6.65429867970584,-7.33022369138521
230.611913879599,309.260585956579,247.664722807245,254.139226338317,57.1291401801737,52.4936184442229,12.9507420222826,-0.243175915962013,33.9072909621112,85.4324529924579,95.7056570267028,71.75698388808
-255.522479614798,-256.75604308956,-264.904056268659,-241.385878972051,-3.71375999809516,2.38669751936076,18.4152638683411,33.0594348163149,32.5626904642794,-44.3100869585527,-61.688170886176,-22.5790740301612
204.816169828924,166.016629046139,175.708140734789,159.111240634462,164.085147734493,163.925141808215,163.135509524414,165.799353071092,154.26872282362,170.564802680495,177.272826348334,163.972003868558
42.2264181750355,70.0299842475525,54.1771968329772,42.8272757090667,-3.76099489726243,-4.64104815943722,-16.3783125109579,-20.3530779154856,-5.35276046411317,-0.219622890668614,-0.373819966942213,-0.798084021895917
-100.492878152533,-115.49405120112,-111.950610664028,-92.8220278273198,-53.2241694380243,-52.3891076552697,-42.396334069706,-39.5980079779665,-49.239458561334,-58.1205532234074,-59.7455172783853,-55.8675014051142
220.464572181447,230.442081400059,181.858868973684,150.545028051984,6.50263126765065,3.01780488780707,-33.2119346964113,-40.3210135738898,-21.5932348369418,34.077452138124,49.0897088473434,16.7574733610229
-89.5201466188556,-87.6013665198757,-97.3464484552844,-69.5731378122432,-35.798941866842,-34.933589645655,-26.4846518411627,-25.0991411461021,-27.8708150037223,-43.2363081596855,-47.6449307872784,-38.2804598660594
-50.3980105337972,-56.3993350782197,-67.0838502764451,-38.9987495766017,-9.8606141411782,-9.20375497920372,-1.65614095461812,0.086777518919412,-5.46923910994384,-14.4833958824067,-16.6520065523334,-11.8537414712694
-25.9439373797228,-71.8229969022002,-39.9149429802648,-53.8912427224217,50.4443882513271,52.6200886608736,63.1353413662566,70.3091056265015,61.0001429352325,37.6340691638307,33.3533972759591,43.5577271435073
-63.3505415532522,-130.794206619372,-99.1720098240121,-102.741373348613,22.5177775534921,25.0588428510031,40.6328034901128,49.2303386587493,35.0157954685964,7.48861993606988,2.40341616042861,14.4929770611042
-46.0765197893222,-44.8684441204552,-97.1876600242463,-9.7883351311959,-22.5974824677884,-22.415642466791,-19.6034098100355,-18.5208508482546,-21.2465573721381,-23.9352613996459,-24.6037062808874,-23.1412655109096
-44.6236556232454,44.8684441204553,1.25671263899382,-13.3948525181926,-34.7348301892922,-34.3219351554801,-30.3719348693555,-29.7143120426879,-32.449263199811,-37.3442782603476,-38.3705467520534,-36.0141361589427
-125.215320150736,-178.582488680377,-144.911408027319,-145.112161892121,-12.3058537304518,-9.47921555789231,8.43730414400836,17.5156981541556,2.23004317572313,-29.4364145474482,-35.5719509840126,-21.1878865824733
52.2382991791871,-84.240441144134,-27.9247471292358,23.3081532911136,52.8258167247603,52.8625589266788,52.2676913215918,51.7422412991152,52.736494892627,52.5599437541146,52.4487616191907,52.6636900371422
-37.00306006617,45.7421255481359,32.4882475895515,6.25269748785857,-8.52072883115085,-6.43021753522319,9.70678132702716,10.5110039305217,1.84303907315098,-21.6238798566607,-26.6416551189039,-15.156889988593
118.681776334528,3.33066907387547e-14,63.1393616588849,63.5861353240938,72.6250920891902,69.9031238883524,49.1346384579654,50.2174343221633,61.4335760077527,90.0819948174282,96.9687730253675,81.4492550526721
-31.2691567366846,-41.8635759723915,-10.3623636719747,-32.579199084233,16.7929664511115,18.017552636796,25.7038419633104,31.2918352526645,24.3041220210615,9.63146921213123,7.21626463999829,13.0498964266184
-56.8911027689386,-46.108343039395,-37.6647224679142,-56.0889825141333,0.270712887185098,1.65420300296031,11.2029470963337,17.2379891114876,8.75327303575344,-7.9540470591585,-10.8316444695954,-3.95955410395601
-281.318223665472,-400,-336.860638341115,-336.413864675906,103.242247556224,113.818220883353,168.600031370472,199.101963803368,152.924122325788,40.8222627294858,19.8789984354566,69.6359459503164
-103.192969439556,-54.6886376453696,-86.4340962872772,-98.6703133792677,-28.6706558474501,-26.9744541322817,-13.9258204285428,-6.95789034797567,-18.275819243404,-38.9622420235461,-42.7213276484602,-33.8594067882011
-20.0391212044198,9.1993191792997,-2.34730283969089,-17.0071234142895,47.3770561135932,48.9442591207879,60.5658561756318,67.1435784132774,56.9829841507246,37.9354795667393,34.5371417161068,42.5836668262367
-77.6092579158859,-52.5957497595449,-63.1654740310485,-69.9031987777988,11.2161845135446,13.1663759277747,29.118905479673,36.8248636063558,23.1639744691826,-0.763595500755709,-5.2491859124165,5.24883100522655
-97.9747333033472,-74.615030000212,-84.7775414769551,-88.6225071560095,-1.88667308706161,0.191565745188083,17.6237222742734,25.6967242313815,10.8439703682973,-14.7199691225074,-19.5745172114564,-8.24658148504644
-52.3300986773612,-22.8298638057503,-32.7537190773814,-76.8866199377744,12.7111682280077,14.4398601939006,29.4220884183077,41.5881618003669,22.9745410537539,2.3242399941094,-1.3787925514831,7.45404792542157
33.0185716055167,68.9567156595644,57.5170963986112,-76.8866199377744,66.6607513160905,67.8297988914321,76.4487804386127,86.9773464948159,73.5021928991641,59.9881552151894,57.879844314111,63.1191538594032
-131.114001635554,-107.55649101028,-116.081170376224,-76.8866199377745,-37.0887724688908,-34.843482303985,-13.9874495193418,-0.309821032487356,-23.6666732323076,-50.9043373921558,-56.0794303092845,-43.9294626732211
-118.929527707612,-115.778679478578,-124.992798333679,-78.7435557029025,-70.2776121905496,-68.9645492257921,-48.8168837644723,-25.6830830847761,-63.4403559572993,-78.674657505174,-81.9956331947354,-74.2183710233838
-8.31829718427772,-19.4559815131771,-34.3695675339928,46.6889027803846,33.7355575767239,35.0875636622504,28.067808132543,0.303555324804172,39.4492418280065,24.6629885880245,20.8461247349901,29.7559913493369
-4.74537226693545,4.5955315157989,11.4598858082908,46.0251198564818,25.9833531067268,26.3745050078202,20.1859926376853,0.945672518495133,29.7367300460536,23.8043573986397,23.0746783052222,24.7037557278734
-64.1479627371297,-10.4639066226788,47.2611935205485,81.4964088402971,-8.72085064009216,-9.55700774409483,-14.3201773892562,-30.4259604708832,-3.42757635822188,-1.37122011297466,2.41387029451898,-6.80141612558831
-50.1214954121231,-17.2907412151956,-29.7418592840888,-50.2113085635407,9.82992673104501,11.4137430380104,23.402117139302,30.0906478620614,19.5905260046852,0.388215716225027,-2.94441117421496,5.01103282338544
-50.1214954121231,-17.2907412151956,-29.7418592840888,-50.2113085635407,9.82992673104501,11.4137430380104,23.402117139302,30.0906478620614,19.5905260046852,0.388215716225027,-2.94441117421496,5.01103282338544
-113.938254680785,-101.206950287022,-98.7103975044609,1.85693576512813,-31.1305460526901,-29.5311036232126,-21.2363918949354,-28.7403068251382,-20.4660326776442,-40.9773401294807,-44.7327049809406,-36.07574579169
-82.55041693115,-79.0784014371665,-70.8322554366289,46.025119856482,-23.1978433650138,-22.2965117896665,-22.6841992577839,-40.4317447361516,-16.3249859195282,-28.7628763311826,-30.9463260383331,-26.0413354267634
28.5884500743879,75.7689978473329,72.1614200495576,84.5482920444824,46.4812317781098,46.1024167137114,51.8765149551653,51.7503220680404,56.7598189283308,50.1488063332307,51.9184210870047,47.8755212414109
-28.8301973313119,87.7081859196209,83.5262332471998,98.6893121086234,53.6472194068095,53.2092885567678,60.1278757438744,59.9515566391397,65.8918684620787,57.9284705512058,60.002689034004,55.2619314543257
51.1691708145372,46.9812063503695,45.5256488042267,47.2505731222668,27.8799521666941,27.618151691781,27.917169013947,27.3721231988508,30.4766878182701,30.0167356628884,31.0083650615714,28.7531455371377
-25.8877708749198,-35.8881937034511,-35.9752456014913,-23.5573964366166,-20.8283623789269,-20.5848886061376,-14.5408218703429,-13.6074462161141,-15.14214032577,-22.0450590674737,-22.4932221384912,-21.5040266938487
-95.285085546814,-110.520195780338,-109.374774457803,-87.3269003517722,-64.6949648880496,-63.9964422229142,-52.7783964370561,-50.5135576118919,-56.2263580777988,-68.9317985626234,-70.6766356112392,-66.7655270774091
-58.1260234091891,-15.8223776862481,-17.6666887029097,6.20502871338289,-7.99035542962661,-7.81859995344332,3.67702343878538,4.96668726183078,5.13446226388996,-8.00298290546362,-7.80806609320257,-8.30357474415864
-57.7265318393665,-15.7136328224251,-17.5452681619963,6.16238246793008,-7.9354388974642,-7.76486387128907,3.65175180003083,4.93255195418933,5.09917386345087,-7.94797958652573,-7.75440240871321,-8.24650550193073
-35.1052242394349,-27.5758190391663,-26.5006391882833,-13.5497603434066,-4.35543992827157,-4.04661572140608,0.690008062067538,1.38151149334158,-0.540919317945487,-6.21023632216087,-6.96504999400478,-5.29633378004766
-66.0952671947271,-42.2327057019981,-53.2678652880293,1.26343569635452,-2.13041197029895,-1.48803294396131,39.8480324645327,49.3595847632704,39.6965188248934,-3.57522774849741,-4.01507988171943,-3.09032180486355
122.564870994596,102.403183219535,90.3898726563547,64.2406534555651,19.0453091796321,18.0056302575224,21.9712013276897,24.7490842324488,27.6387252024158,26.8159127800413,30.0718557421003,22.8435910604588
150.215822663151,116.522604751358,116.954678152238,79.7557566682399,66.5423916314428,65.7487595105189,46.6437483140064,43.3393862137875,49.0949062994925,70.6562910412357,72.227595869701,68.742098580844
-37.8256234574547,4.34526485135824,1.91717890401377,23.5201018020502,4.50036006272447,4.55703231854541,15.2826913906704,16.4307249395041,17.4417232400182,5.27762681826345,5.80630881689856,4.55971530788903
79.9993681458491,129.574546416817,129.488581371053,94.0758328582717,74.3312044507776,73.4689663163095,55.0429795909717,51.6360091849507,58.3342134821364,79.0783372299292,80.9546069590071,76.7726800657078
-79.9993681458491,-62.2407479541492,-63.2667335613946,-36.5422975758626,-34.7542818117697,-34.3025937034998,-20.5446267674224,-18.3389168169345,-21.2675884268215,-36.7766143780411,-37.4830108376137,-35.9372654964331
-6.13363367219617,-33.090774270478,-24.5937451847046,-14.1071077459346,-8.32885914604997,-7.84504361613219,-15.3057217786158,-19.5201547385412,-16.9321578828111,-11.9073063712111,-13.1921690214962,-10.3311709889289
-3.08857529611526,-28.6230764970778,-20.4407874794904,-12.9355602272629,-7.52773692379645,-7.11019038471825,-15.4986084218044,-19.7105797451662,-16.9786675589894,-10.741840342313,-11.8988858317078,-9.3204180658365
-3.24365020638049,-30.0602184132491,-21.4671031688372,-13.585044422774,-7.90569861034691,-7.46718739148235,-16.2767812295937,-20.7002322846725,-17.8311529594407,-11.2811796063622,-12.4963194299526,-9.78838884738478
4.98376808477046,-26.1265251814252,-17.450188045603,-10.5504715007598,-7.4229740466194,-7.01006844149998,-16.4892751335718,-21.1939033555456,-17.814183534522,-10.617616510389,-11.7355668306438,-9.24229244444872
10.5038808297897,-12.4404053919059,-4.1130618839945,-4.58511159335981,-12.0046887205065,-11.956201926284,-21.061062520384,-24.7468446987665,-20.7575854474396,-12.6614067692132,-12.7762215556876,-12.5153350162718
13.0159149932764,-17.9713884292614,-10.1198242609702,-9.51103880608004,-14.8554007275748,-14.7363129911959,-23.3858404269864,-27.0710780616142,-23.4296278343193,-15.9753601486549,-16.2752409200948,-15.5989386809274
31.8018169386619,-66.0629246342857,-68.2651604419497,-56.4307140648026,-36.1207588639097,-35.3183458791257,-33.6312591549849,-34.9903131793326,-37.3773544643818,-41.5111141305431,-43.6099268473718,-38.8975722059037
-21.2979361088724,-19.4429937575118,-7.70681022907933,-10.5854108693133,-18.8297939188978,-19.1382224699217,-24.8647900177772,-25.8880017590457,-23.6021111780808,-17.0529024946417,-16.3383619918029,-17.9292465256607
-43.1951793718,-5.28995923493483,13.0113726626321,4.46736941772237,-15.1255636751964,-15.8738460424049,-25.023742590559,-26.0624380521667,-21.7947912718397,-10.5390369464644,-8.7193642367188,-12.7849336518583
-110.054789052876,48.5640029820441,33.7759520167555,22.4653299998813,20.5265033917737,19.4408665713917,41.1683738659194,52.7101113451028,44.5308824884606,28.6050285753367,31.3451180770739,25.1929517557237
110.054789052876,-48.5640029820441,-33.7759520167559,-22.4653299998813,-20.526503391774,-19.4408665713926,-41.16837386592,-52.7101113451025,-44.5308824884609,-28.6050285753369,-31.3451180770741,-25.1929517557237
-163.910099068468,2.84716606388002,15.4991696008212,-5.4880654761261,-40.0465918484421,-41.716374936815,-43.9038307733188,-39.898234575951,-36.8849967378697,-28.9497504319961,-24.7313842339832,-34.1856105297577
-400,-400,-400,-400,30.6171554670335,43.9150969950003,119.465392912506,148.884529481205,91.4905463180355,-49.2597320879426,-77.0897745899111,-11.8133091023562
273.964888121343,-51.4111690459249,-49.2751216175771,-16.9772645237556,19.5200884566678,22.2755083654228,2.73545690739851,-12.8118767691515,-7.64588575059122,0.344721856659902,-6.61373384309094,8.99265877403401
-79.004977861304,-141.759895472292,-115.67159172313,-23.1414704818461,-47.4186845068854,-45.7635243568881,-49.2640411963657,-60.8833652118865,-50.1281400791754,-57.2405725407173,-60.20072041569,-53.7135019133139
-79.004977861304,-141.759895472292,-115.67159172313,-23.1414704818461,-47.4186845068854,-45.7635243568881,-49.2640411963657,-60.8833652118865,-50.1281400791754,-57.2405725407173,-60.20072041569,-53.7135019133139
48.6975091569937,9.29934875809846,5.24562180581911,2.63067936467494,12.1939188921659,12.2021998128441,10.8639707776817,11.403793485824,9.75154340347357,11.8136266311518,11.5513003884292,12.1695141763243
48.586073209266,9.27806878382365,45.3256646283012,51.8041224757554,45.9962290260195,45.6535542833112,40.3281807107788,39.839934927523,41.4136489794271,47.9459566074721,48.6842341969163,47.0476346180501
-104.313344836798,99.9026552095144,102.038702637862,32.0653455061178,12.8023275415018,8.36172076276256,5.37270659841305,24.2741549715443,16.2904441658521,40.5976789833517,50.215669039734,28.8547635030628
-48.586073209266,-9.2780687838236,40.9808591905682,54.064967765165,26.8303889414001,26.4175989354424,23.1532168830197,21.4309892276902,26.7936991983816,29.8946435220016,31.3090829198191,28.0947700480115
129.59205721358,-400,-400,-297.728785774435,188.64874063764,209.142708853098,268.14196747693,263.112321995947,218.868040657031,61.8011350408054,17.3946467827051,119.638410424054
-28.3976232456943,-99.5726862911505,-81.6307610545415,-34.8075060599126,-10.7843405875939,-8.04388607880686,-4.02083088865552,-14.0633082157356,-6.98695954095119,-30.8720702660106,-40.0477933979294,-18.3763242160737
-11.974111316615,-83.3558582955685,-79.1075617777342,-45.564971407291,-7.5643106488513,-5.05332891569945,-0.685110290246893,-6.18877929907757,-5.32948715459065,-26.2054316754224,-34.8029132696057,-14.4439949363457
-66.519661256706,-119.191540306039,-146.57036620533,-195.501904856353,-19.3248409582033,-14.124014804174,5.8097111445937,6.35883825340802,-1.68517125035397,-81.3554762991402,-123.856076636624,-19.0654012700934
-97.1248197162934,-26.9925463360059,-49.3679451820692,-77.6778188411226,-62.744730877835,-64.5674591803191,-57.3769414566617,-65.2113274646808,-52.5562589542306,-88.132173929263,-119.751433662406,-55.4079780142098
-70.1168027454785,-108.94368882665,-104.074760685355,-128.361072208909,17.4263648173976,21.247963629853,38.1351054498517,45.1112861220597,28.8435398227445,-14.1687510659858,-29.6810338231813,6.36817209798344
-160.805814208771,7.25931470129506,-45.2818010315493,-62.9981808749399,-172.386358910317,-176.995953724641,-160.60832858651,-169.890168437281,-148.926790337073,-135.56135254678,-171.348016414969,-158.91265883211
-148.729782842849,-128.81708505802,-174.986690354732,-163.474537438569,-26.6611315022964,-23.1976817657236,36.0535483026937,41.9817925613363,26.2103150384289,-55.8792296876315,-75.4263423525956,-36.6214611281322
30.0590738720965,107.358186716103,56.3159813839794,127.866707205927,-34.8711953082943,-38.9273683474533,-16.2472486692496,-23.9097884315676,-8.02774351422877,-1.71922188728844,19.5168716658986,-23.0939433938566
-190.864888080867,-100.098872014808,-101.597782415528,-190.864888080867,-137.515163602022,-138.068585377188,-144.36107991726,-145.980380005713,-140.899046822844,-133.842130659492,-190.864888080867,-135.818715438253
44.3597476450227,-43.7314409406361,-28.9666477175686,-31.8772797745104,58.6150870038296,61.3870941912106,62.6987554033918,65.9357528973655,56.6066458724841,32.4070685087519,28.327041275633,51.5055530035596
86.0863364271716,-15.7549438177774,0.862753329218169,5.05156078648206,79.7312178257978,82.8028087898204,80.8107346445919,83.859775219677,75.3001782439145,63.5537513052503,59.9358324546679,72.0338931632155
-1.61212022736121,-46.3073808440932,-50.3941050713364,-75.0230567371198,26.8321384586266,28.484661667739,33.6675575400936,29.035981294754,32.3170511902021,-18.2926815981649,-55.3891778607988,25.5734895754815
154.418197605781,87.788732959102,97.3875791244847,121.419561208416,85.8947217446016,87.5291497011705,76.3366562812493,76.3775418141131,77.0508838291208,115.113885968779,115.84445357985,82.3299082177945
49.6555877017983,39.466532109435,50.034219804038,96.0478662677224,59.3553987045263,63.2073389280218,71.3654562084044,73.6945275153484,62.1949452880315,66.6556402035578,126.646699036143,50.6414659827571
151.949439465092,-68.7162623722052,-47.4427434437458,36.9303885951386,158.342995565014,168.965463054353,184.917049222713,182.385992248976,166.341485158586,128.095772627308,136.5377235595,138.05266335667
77.7567386378808,-6.457438902518,6.78521126005358,64.4461339171466,63.6274220115758,67.9859081792171,72.8823409284772,74.4301925922288,64.3212093837547,75.884843373358,102.790344064667,54.1438382732111
141.50618819181,18.5131695819116,21.3001829714941,34.8846520720301,112.84346342899,108.746521311931,104.747700753072,103.490652731537,104.670111854774,129.759363463454,135.213664606484,120.526723589735
57.1845918502589,18.5131695819113,21.3001829714937,34.8846520720297,44.7355722569698,40.920096004654,40.0729446289331,39.6080166318505,38.2736233775383,59.770891174847,64.4121986613278,51.5527714313341
0.215678107575723,40.9198304985757,47.0799920524563,77.1058701468366,-3.03810181031468,-11.0502951166668,-8.20656206963202,-8.04885781815434,-14.7600416694309,27.3804765558753,36.4226270596332,10.7340316232154
0.0996227449278297,18.9010645636278,21.7464725194679,35.6155685916341,-1.40331369333584,-5.10418393484136,-3.79065009883006,-3.71780575409986,-6.81773353302288,12.6471725043805,16.8237848799258,4.95810032119945
-44.5954600356155,18.5131695819116,21.3001829714938,34.8846520720297,-37.4737904458779,-40.9495244309637,-37.9924658900741,-37.5012685208623,-41.8699974201496,-24.7084195831413,-21.0484328986447,-31.7019667856721
238.271851318843,-165.693257729706,-138.314431830415,12.8883210461733,276.9732957627,292.744815460917,337.24957876018,333.070528740627,292.477953839654,208.981356798053,205.712319019212,251.927219195377
238.271851318843,-165.693257729706,-138.314431830415,12.888321046173,276.9732957627,292.744815460917,337.24957876018,333.070528740628,292.477953839654,208.981356798053,205.712319019212,251.927219195377
158.223593782334,55.2745027666858,83.3453439776164,175.176924554748,165.599545179367,163.333872549397,182.476460697003,182.340500822554,161.125870966176,168.789580603178,177.363106100422,169.758740673932
90.6995482569246,55.476606638295,37.0565935367852,98.5312622323923,122.806830254582,122.658959041936,135.37695307649,136.622712850805,123.543357994236,117.978903311743,122.072364692609,122.712295853026
30.6146211554992,15.1299079142396,7.28626462912247,34.3425339806734,46.038610334607,46.003035488982,51.78695349198,52.4016358755562,46.5258015538736,43.7748323551125,45.4545107816339,45.9117163159436
-7.44896364759187,-29.8823013088121,-39.8236821468853,-0.454007492800956,22.2200249009168,22.333156962482,31.7914319125327,33.0569250343819,23.8400385388126,18.1497023689672,19.9123517209702,21.5587488354253
-80.2430048731591,-100.151769709576,-106.953071587881,-71.7692292415511,-43.5028530239068,-43.1683846193181,-33.2409662696806,-31.5848834709033,-40.7656802085343,-48.239031517437,-47.6281960760077,-44.7683576608673
18.7336937584168,20.7165868540279,20.2494016202254,16.6065624650352,9.17962982529879,9.01377366604215,7.15662574353457,7.64338768534476,8.17117120400832,10.2877782732581,10.7668417131491,9.68996364149604
-30.9535254161171,-30.9535254161171,-30.9535254161171,-30.9535254161171,-30.9535254161171,-30.9535254161171,-30.9535254161171,-30,-30.9535254161171,-30.9535254161171,-30.9535254161171,-30.9535254161171
2.91319896330546,-8.98060556239137,-19.5745452526951,1.30569662741937,-0.207645170102411,-0.496324479509336,3.51706929087156,3.03963918270905,-1.11862525171984,-1.11354627748443,1.63015442625607,0.422035520912156
-32.5297880283017,-45.8519183060675,-56.1248201496682,-32.6216750017429,-28.8384684112867,-29.0091613633801,-23.6662574650129,-23.8112552185902,-29.0310775650205,-30.5359585917439,-28.130844946447,-28.5721266996735
-83.2134778532775,-98.544383421148,-108.328515029743,-81.1338599901447,-69.7735284803673,-69.774716558354,-62.542185521294,-62.210538615905,-68.9364697060833,-72.6002684841052,-70.6869652698518,-70.0284486260752
-23.3556317137016,-25.4251847249051,-26.0605109855805,-22.4660437795023,-20.1089666819937,-20.0953404934692,-19.3429734592107,-19.2726353805408,-19.9600357975525,-20.4533760808721,-20.3465247538258,-20.1758527706638
-44.0407097510121,-47.9431768132613,-49.1411842055079,-42.3632520616493,-37.9186132017534,-37.8929188843753,-36.4742127415407,-36.3415792531763,-37.6377806413227,-38.5680511855963,-38.3665662359002,-38.0447374211113
13.5248590763165,4.60617177264666,3.46709613188558,19.2529162997717,37.09138410173,37.3771742284563,42.3080517222984,43.2046545481464,39.0197618586706,34.4507788957829,34.0472056184269,36.1399950712236
69.0181359128041,67.4283303575399,49.8776214685757,52.6980785273439,11.5697500142039,10.4776863244379,8.01702889751881,5.35481074419542,6.10390360432569,15.2226941573881,21.064372471381,14.6151598174029
22.0456411359684,21.5378284823262,15.9318145740865,16.8327195802079,3.69558744919227,3.34676255144919,2.56078405644972,1.71042341924016,1.94969722971818,4.86240388961479,6.72834161799329,4.66834643123875
53.0314182939659,61.3206717857285,56.0404615788253,41.4726839112923,9.93646541688276,9.29493244227506,3.96529752886919,2.21512793945362,6.27894473721275,13.6312550508223,16.0577914608765,11.8696721989729
71.8001630380626,98.0230264686831,101.079869878175,69.7584173250055,38.4517280390776,37.9369091409182,31.9013730958333,30.5062146302797,35.6702311409405,46.0566061830528,43.2260199058109,39.9601611685863
20.3192937662581,44.4876839957013,48.0285774757471,20.4814662812242,-3.1301868431163,-3.47316236999293,-7.5845096396671,-8.49605501918241,-4.86682095136139,3.32653999895671,-0.000403344179789045,-2.15050997956694
-39.3197460458871,-17.5314012735456,-13.4297503347156,-36.6044005017356,-51.3015855044556,-51.4454856503927,-53.3277180545637,-53.6790122087233,-51.8277774735909,-46.1749574383568,-50.0769155244968,-50.9344568834384
11.0814754443988,32.7987946093941,75.5750679189321,10.484367996151,0.23106937424755,0.359889194908192,-17.0278470010604,-17.1310981530763,0.482216650193479,3.40267852315037,-0.177243168337249,0.0304622723477088
80.497240427747,14.9428120968246,26.3260732980141,71.1771703026966,80.1700200638584,80.6708163921142,91.2514951270326,90.8679936912562,79.9489744953195,75.5981318045765,78.3835343211765,79.5517871172904
21.9714263478172,-0.202103871609083,-0.653450688829693,33.0431704281573,5.99914169852704,4.03339512722423,12.1605991563857,11.2068024049862,1.7134819578474,13.0011674706002,17.0420322354786,9.78500395445971
-24.4581953637235,-1.41716262613922,47.2198697200155,-23.5496488141894,-29.5987033774052,-29.3298817796536,-47.5768744859587,-47.3461553549043,-28.5648818575592,-26.8428011444449,-31.2405456604872,-30.2048600234033
135.287579978007,14.9510269467952,82.7566606241716,123.618682555702,124.433375965261,124.751704928378,133.291968379187,132.393969466508,123.101074799859,121.079948046263,124.394720768476,124.377096212947
95.0992098789686,48.3015825297079,28.0568500093343,87.8148968359393,85.2543817850417,85.1856915709206,101.998339778824,101.049381544676,83.3173524615967,83.5063315648494,87.1198729613019,85.8691512741394
-5.49390196263699,-54.1561784725641,-73.9289320321611,-10.7179016512983,-6.10866451876202,-6.01722983655171,12.5700323969203,12.0724973831039,-7.07049660285166,-8.92426587150104,-5.7767996788759,-5.9870151875697
-12.2776162115983,0.0222715710550325,-9.91955764966499,-10.742064593557,-24.4183906597843,-24.7023720303763,-20.2522927782608,-20.8066752502693,-25.5984252301053,-20.3400922296317,-22.1874090289013,-23.6967921040163
-117.799055129142,-121.077309618268,-181.28939220378,-110.43070219884,-115.669926265931,-116.180001629347,-82.3461008020607,-82.6826294103212,-116.940995389068,-112.515871165112,-112.848654054232,-114.668501619193
-47.6481391479794,-28.2745725458721,15.0539073306707,-45.7310064531264,-47.2057721085714,-46.8809125724115,-62.0735252830675,-61.6250683820415,-45.7626405126196,-45.3439792935464,-49.4901474294424,-48.0095868126808
-22.7642687898772,-14.9510269467956,33.1991724526447,-15.912542874443,-33.5465122764618,-34.2404445542855,-46.9864662881789,-47.1455152953312,-34.4979996818231,-27.683534925559,-29.9134048212255,-32.3345137746625
-1.82762530425336,-52.4933611018682,-71.8267368003246,-4.96245870821403,6.96503921178906,7.2198912058947,27.6553517503758,27.6169275951183,6.99525024107059,3.05527972796058,5.73429301332058,6.5842802226834
136.227718840965,85.8109722179856,66.4515856380714,132.885811681163,144.066422417709,144.304607156756,164.535079774473,164.450538566197,143.996877726833,140.270327796284,142.993917134728,143.736526766381
78.6032252263613,68.9110879042903,78.260066135988,74.2251550596098,78.0350148043796,78.0985954460434,71.1572651993418,71.0906320436818,77.87326939319,75.4226239722598,77.9147155027904,77.9920476364637
96.8600968359186,113.554538083032,102.555761885111,93.7265064710491,63.6894942442013,63.040216250761,63.4232937021189,61.8416182750119,60.2900119836949,70.215153140974,69.4148057659488,65.5346324379526
-7.88706096444172,-21.0308100726893,-10.8686049136856,-8.56244465796268,8.1754384337011,8.52772403649864,4.81912160159323,5.56498121866046,9.76911174418775,3.63409931270189,5.29228758384166,7.24413582361276
-39.157155376038,-76.1494162044469,-158.972668136573,-46.312363551929,-77.6234728334281,-78.4237162876433,-17.2758020539182,-19.5065581968203,-82.5194752223793,-72.3571790175695,-70.1330934349157,-75.1791601602053
-9.74447116575368,-24.6389151972183,-45.6616979728927,-11.1639811300325,-19.233978234268,-19.4638951027586,-10.7403006190054,-11.37684718182,-20.6468377258136,-17.7373929954741,-17.1162771995123,-18.5353927546532
0.428526132754059,-6.49301988320126,-6.11692745770211,0.971887221904266,0.956444216946384,0.925571364510791,-8.10632398009095,-8.18675833180695,0.759580512051317,1.13840736960662,1.20117965045814,1.04599612665104
3.42205241606321,-9.39627033047206,-13.5975796947983,4.81707574749906,6.65428440757614,6.64689243511227,-1.29536334342717,-1.30593592997796,6.59483113490029,6.66511496816509,6.64459077619233,6.66839648320825
0.398205397079843,-13.4670578272106,-31.8182790711658,-0.877678358321488,-8.31595665830161,-8.52968726809926,-2.23296566662698,-2.82439901770627,-9.62977562504128,-6.92586253217649,-6.34970166396531,-7.66680510685398
12.9154756132811,-13.1851740529797,-32.82236484404,16.6356580163747,24.5984246631433,24.6960189568051,28.4006660089812,28.6922733104975,25.1677911722849,23.8824723539985,23.531194298907,24.2838265095189
29.0832938859781,44.6212438209132,59.7675661842382,26.4650079241691,19.9187757362483,19.8140164533967,11.0809326047539,10.7773586636152,19.2942188595825,20.6517037701492,20.9901229095752,20.2485029327218
-37.0285874592036,-33.7126730252796,-31.6831278726098,-38.4858961592106,-43.1862077372244,-43.2849820065878,-45.5208687436724,-45.8001541086451,-43.7849317725538,-42.5213284072115,-42.230671264217,-42.8811787115859
72.9849070865084,34.8410307733758,-10.896289874038,62.4459110545203,27.0311068982005,26.2622981443805,21.2351943206594,19.066899491354,22.3631142540574,32.1853829021954,34.4251133067352,29.4006394331516
-45.7217906043566,-47.050279784864,-49.5480779834177,-46.3964750305333,-49.1400713042888,-49.2075322798162,-48.8330382162409,-49.0215831736711,-49.5521108524399,-48.6942693702015,-48.5047681120518,-48.9336000800006
-32.1171967976248,-74.4554361600166,-119.204531831429,-38.1567264097502,-57.8615299097621,-58.2795073719621,-59.3782336949427,-60.5591956853223,-60.3963558253465,-55.05129197494,-53.8249122119336,-56.5714934435507
-17.0194679414063,-38.033040607474,-116.14491182223,-22.0782868164243,-41.1236473908146,-41.5710276335652,-50.1620063608994,-51.4163917865663,-43.8504737525338,-38.1520994578782,-36.8789564975335,-39.7510073430965
-102.986571598388,-74.4554361600153,-192.235775827762,-105.992152694466,-115.103848316642,-115.285263489613,-113.735121263152,-114.250333868608,-116.200299672519,-113.874173532627,-113.331086717768,-114.541706047258
-139.252924394659,-139.252924394659,-139.252924394659,-139.252924394659,-139.252924394659,-139.252924394659,-139.252924394659,-139.252924394659,-139.252924394659,-139.252924394659,-139.252924394659,-139.252924394659
21.6277663399596,24.5910560358569,-52.6261734834177,18.4489231348216,7.34991179015125,7.10205180777805,4.32667913907236,3.62913503198135,5.84284363412051,9.00595915076359,9.72188466296195,8.11256860828884
18.6381110416625,43.4045584149846,27.393038638272,21.9206861116794,-12.9322002461883,-13.51008734487,-21.3916946330009,-24.1976321757406,-12.7285372426787,-11.2531389628,-12.1245045711824,-10.8839356738041
13.6884355840063,-4.97770801671753,9.58256044760177,4.03381050808072,18.3486701917034,18.5206934893421,22.2895489820883,24.2615899142447,15.7575505783394,19.4797237869963,21.6084047083124,17.5751692889048
169.845822850926,186.843640734315,189.108105959564,149.040627543611,81.9240319726177,80.4220139213511,63.5036350691166,59.3313065435931,72.5853212697569,92.0808733621758,96.55993834209,86.5311784574866
94.6161696582162,103.172129709968,94.8869931002721,88.0087723097418,59.4136082124242,58.7782183155767,51.7633121563753,49.9204045619717,55.7561933438794,63.5376069856582,65.2322892374603,61.3831939985804
40.5330392787327,45.0359420167452,50.2443076804269,33.1316553381058,12.8148057187865,12.357906358406,7.14207756068674,5.91099181690282,9.83075171857024,15.9888093263291,17.4491250635647,14.2061571901408
-42.1601328485579,-115.115201964255,-115.115201964257,-115.115201964257,-68.9997141668584,-69.4780918036457,-74.9173224278451,-76.3170449980862,-71.9247419322699,-65.8247454581115,-64.4615955998844,-113.223407501233
105.417202342897,115.603194491167,0,94.4902680060509,56.3386007671365,55.4866085242518,45.9465611063094,43.5488276657555,51.1582147841215,62.0310868699009,64.4920044292255,58.960152204422
128.406023921286,-69.5794028176559,-59.0117151230528,-12.9980686593687,69.0170651405614,71.6375956030177,65.7943859648555,64.5203790691459,64.3271883885056,84.4901123025059,17.600764109052,64.0778715449095
-37.0995463829487,69.5794028176559,59.0117151230528,12.9980686593688,-11.3015040180716,-14.5207451318591,-15.4849718354631,-15.9627792957545,-10.2724281561908,-22.8009382069331,-17.6007641090521,-4.52703463339539
