24.8519604823509,26.003282220373,34.3908262535107,26.7086158014249,27.3632001673319,31.7085947574293,32.652342326427,33.4832372897074,35.2130579538355,35.2697209112971,35.5333276269061,35.650582842272
-16.199420268585,-0.598242286453576,31.7822811508297,6.40748374539442,10.2741216124606,24.2170807926565,26.8687858283438,29.2459458408056,34.070598795771,34.2260985210068,34.951001358931,35.2741058305165
-62.993326914097,-49.0435293745726,-68.3105230241345,-86.4243483822712,-110.508768004487,-90.8450535693806,-82.952940518085,-75.8619850757476,-61.4963777560092,-61.0338218795221,-58.8767369084493,-57.914907644323
-129.102219240352,-114.620436164401,-45.980698194066,-99.63359196158,-91.3945466060057,-61.9285678632855,-56.3390645638278,-51.32641290903,-41.1581351512656,-40.8305208995717,-39.3031943436314,-38.6224032601096
62.995183609341,107.131536293509,51.057562006815,99.3495589364318,90.9703341910546,64.4915570186284,59.7477110546702,55.5039359388858,47.1019301147139,46.8365718157402,45.6024417360863,45.0540886885427
233.484326614839,159.245455956733,94.6402198136582,137.014841903953,129.718258248111,106.822266345328,102.599664277386,98.7513287278404,90.8881142455932,90.6325751117013,89.4365075118611,88.9008378504158
-105.979473642453,-105.979473642453,-105.979473642453,-105.979473642453,-105.979473642453,-105.979473642453,-105.979473642453,-105.979473642453,-105.979473642453,-105.979473642453,-105.979473642453,-105.979473642453
400,400,238.374231989621,400,400,301.915414772653,279.627489307898,259.599981506373,219.282617984363,217.99091190871,211.969783709404,209.286624810129
-105.979473642453,-105.979473642453,-105.979473642453,-105.979473642453,-105.979473642453,-105.979473642453,-105.979473642453,-105.979473642453,-105.979473642453,-105.979473642453,-105.979473642453,-105.979473642453
136.33903315894,122.389235619415,64.4653725583356,103.568928037707,93.3743776607384,73.3750376400145,70.263396292869,67.4378332011099,61.7869772956553,61.6065104390614,60.7637362014368,60.3874040233724
144.909270236211,129.20449816752,73.0254487646053,114.592500719718,107.126351198455,84.6502363213586,80.5877731713153,76.90764758271,69.5261749623759,69.2899973138712,68.1874107212358,67.6952252171515
124.589379698277,121.90371067785,51.945208621542,102.332314177344,92.552984319433,65.0525548462151,60.4578776324957,56.2948366731268,48.0491333015671,47.7880132537585,46.5698886996019,46.0267101556468
-77.7247058009255,-61.705210522816,-17.1352034441782,-54.1561596209021,-49.488901451319,-28.9122325940082,-24.7774500048872,-21.0993430492329,-13.5522979194708,-13.3073364013303,-12.1664079824829,-11.6583248694887
-10.1142225360135,-7.36217250902858,6.45341431105728,-5.87191265556215,-4.69097118158204,2.24931789292275,3.72775974367016,5.03267356099291,7.73980968005046,7.82829137141214,8.24003900367689,8.42323954230353
119.604416579493,61.8720900165052,37.4363757128293,47.2393239056224,44.3975831328771,39.5214403856974,38.8415034693766,38.1541231086821,36.7491512541726,36.7026598884213,36.4805888148565,36.3788135997194
55.0347388699459,42.7959525530169,34.4980308767454,35.7152136192886,31.8092574723086,32.9147898965306,33.4967670964033,33.9748934192368,34.951476562718,34.9825022091358,35.1244412158022,35.1863009206141
-13.6599277684088,-17.9065133160766,2.11232986342944,-20.2381201753915,-21.4367272395951,-6.97360475967132,-3.75435360728922,-0.926453323342669,4.83179249991146,5.01705547228397,5.87721948699089,6.25880476610758
-103.198514240094,-92.5018752571244,-44.9852628812529,-89.0255967493328,-86.7416614460328,-60.5980046365854,-55.093583860434,-50.2233902949089,-40.2732424546904,-39.9517502246751,-38.4564676930401,-37.7917226353627
-116.28139701408,-105.653314969512,-49.4362051354605,-101.138215340732,-98.3223959641341,-67.6209097960109,-61.2092298579721,-55.5328739895513,-43.9548628802364,-43.5812191030099,-41.8433501925453,-41.0707663117962
11.467763245674,1.89313398204032,11.3223703603778,-8.29890193536817,-6.51035307104904,3.54381117014285,6.34533515238485,8.68449367420459,13.678722744602,13.8439232396265,14.6048499981345,14.9394717484511
-32.9656998494168,-38.0392806551806,-37.5847137698937,-72.9643210758271,-47.6486728228265,-45.6616955693272,-42.5822320738116,-40.5319215295867,-34.9276327626695,-34.7180226351277,-33.7759979239344,-33.3728805198621
-144.573247357473,-131.530210156774,-67.059722153638,-131.311490824247,-123.418808356899,-88.6734104092193,-81.0176408421675,-74.3472649705409,-60.5037954499213,-60.0521526404019,-57.9566322539501,-57.027477825515
-58.7536770451749,-45.8701211612954,-55.5313840768815,-35.1218843412299,-47.2492244586735,-50.8463078829407,-52.5401510587153,-53.8904069877407,-57.0208516953169,-57.1300329385933,-57.6307256362897,-57.8500106455303
12.1156939707252,40.2453049750035,67.6860993158879,58.0111953905808,49.9985130571665,63.0452293225535,64.6235228135158,66.1928421005157,69.0274693374965,69.111372350835,69.5102988975472,69.6917748596379
31.339181991438,129.831639032644,81.0999234326137,87.0944645477732,107.4358949648,86.5274057834015,85.09946705691,82.5246671339867,79.7868572509943,79.7469461291564,79.4975169522423,79.3559028129057
-96.7095954681241,-50.6259936042929,-28.1690911511067,-53.3564481596478,-50.8478716701071,-36.9295644382288,-33.7101902381818,-31.2031321870156,-25.4526985787717,-25.2551674024842,-24.3529192451645,-23.9597948156629
-66.0653269420032,46.5456152760361,32.1719576305942,10.3070817498889,34.4588574970881,28.9632234673266,30.565420252026,30.6942691802044,33.480365590539,33.6192585720156,34.2029144696787,34.4324217639529
-100.958445419253,-66.6815963374007,-34.3455309923474,-94.0852382233424,-64.7533042988182,-49.2951872295767,-43.5735262266591,-39.7690711549252,-29.4732332706171,-29.0912564062728,-27.3750227269297,-26.6409764571796
-100.958445419253,-191.155305634746,-107.469989539545,-182.251548911548,-173.819893594561,-135.326756181528,-125.076457722538,-117.231310275843,-98.6798122563995,-98.03060676265,-95.0692999640044,-93.7806004720491
-400,-400,-85.5283838060863,-304.047096774273,-359.694944927189,-203.680292057549,-159.658486091089,-127.367356675088,-47.8863096598912,-45.0535491846322,-32.1955075248834,-26.6311356188993
29.9736013596798,-47.8602371585356,-112.117201253664,-21.5441926354262,-50.408629160642,-81.1996005688433,-93.2429337636121,-100.731870386661,-122.334777309955,-123.155325259342,-126.820084218622,-128.376554374155
5.83323824190543,47.8896204181862,25.5041860120958,-21.5132591430835,26.2570304406764,17.7398683592513,21.5909379870261,21.952917627674,28.6531990866813,28.9848190463129,30.3806832099077,30.9308109006661
204.342821438366,168.565365096431,81.9229665952125,125.478530058271,144.384383116814,105.076249627188,96.8839860601939,89.757029077793,74.8544036135057,74.3654756237515,72.096580828066,71.0902383632916
126.363134514552,105.461169752591,66.0783010634231,115.55262288988,96.0834180975091,78.0152875397115,73.6848709276878,70.2073611352575,62.3577092477686,62.0892859873801,60.857518348522,60.3178665310883
-19.0156053522143,-18.8453671298332,-6.94794885486667,0.945475119632011,-12.8366910682305,-7.90073809612624,-7.70859936583519,-7.15084357026297,-6.75592295428888,-6.75747648238758,-6.74584317738773,-6.7315866907129
313.463409721096,294.149571295679,79.612532959996,221.169515849956,236.215260453564,135.537005669608,116.47176812526,97.9000840317584,63.1038406671625,62.0381112762411,57.0000004516611,54.7208977398597
-276.042686656492,-253.300142905628,-36.3292279874855,-242.831907505456,-236.694071590911,-113.781926733655,-86.6129542889184,-62.2303155003917,-13.014852856686,-11.4351229532964,-4.07203253074435,-0.791058403061662
189.506096377589,147.449714201308,169.835148607398,216.852593762577,169.082304178818,177.599466260243,173.748396632468,173.38641699182,166.686135532813,166.354515573181,164.958651409586,164.408523718828
67.9793761019131,60.0484049023171,-1.13860699398374,1.09812169748078,33.6644480126773,7.46452560033388,4.93255849649568,1.34924007490849,-3.41417491895095,-3.51910301207896,-4.07256806167728,-4.35017107905722
-118.854591089067,-104.212997735078,-57.0987943683839,-77.7610909302709,-87.6376780311167,-66.9036491537184,-63.6056413071496,-60.2766630903748,-54.2197745873892,-54.0380550769402,-53.1725150094193,-52.7778614762159
269.067953221067,175.106543846282,29.1141562110512,143.339740498151,145.209325137327,77.7138157770716,59.7672095835885,46.1842814222305,13.7513996635419,12.6115377330775,7.4192407324059,5.16319300165762
-99.0763700311802,-73.5828700612303,-41.9465818670816,-97.4356178710794,-69.6766910013041,-54.6377094398006,-49.8404525744902,-46.4979263031625,-37.8555867030538,-37.5409188008671,-36.1205283390638,-35.5097471959803
-62.0163310839608,-45.7953779146891,-13.6053674647987,-29.1707670096321,-36.5474030047089,-22.1332143659312,-19.0926590958263,-16.5138868975389,-10.9794599072664,-10.795181527156,-9.9430129938888,-9.56646821447649
-71.1900232000679,-76.2078972179624,40.3082892926059,-23.8097094812699,-42.575684173277,14.3762967065954,23.1415099381528,31.9394602014018,47.8515780750275,48.32532896427,50.5796837940252,51.6063219053051
-127.857304976211,-133.462266348231,10.611971230981,-67.0940129461196,-87.8996695475389,-19.6398326797911,-9.40631700341239,0.82093110436543,19.4501797475098,20.0080262380618,22.6605377305676,23.8676283376452
-50.6585107478321,-42.4563946971906,-23.6841914284838,-35.7246742006763,1.89082435481294,-26.3232532490143,-25.3390968126624,-24.5535680819351,-22.9226785936042,-22.869687834531,-22.6261722915851,-22.5193419164675
50.6585107478317,42.4563946971907,-36.8282585902019,-48.3734323222468,-11.11130218446,-41.5669551263643,-39.9732022464761,-38.4495784378358,-35.3271747333189,-35.2253164854679,-34.7463863651171,-34.5308469512016
-182.115825933961,-174.215051988298,-25.9226144613503,-115.855124884047,-131.119525224376,-59.92956688606,-48.3428307487598,-37.0175119928969,-15.9029125824516,-15.2596793855054,-12.2146074524364,-10.8351354621112
-88.0529317887224,-67.2423097982189,52.6429451922471,48.5402079009604,13.8341401497797,51.5618212647363,52.0101876630687,52.3848218424579,52.8027580143711,52.8095141300589,52.8395167728423,52.8520422263313
71.7687470061022,78.8344829541972,-18.931358320242,-78.6053550875562,-21.3577841460273,-44.2046464622795,-35.5676951904751,-27.2962158028534,-11.365462532558,-10.8651526308471,-8.51163781489177,-7.45224194266783
-4.16333634234434e-14,0,86.4443955876291,152.851170407165,96.1729721343425,119.648127422865,108.305666251692,97.5054404021028,76.455194759081,75.7841116814021,72.6390912445582,71.2288467175329
-15.442263949119,-13.7377754394363,11.07073713511,-33.131383691929,-22.2560841017415,-3.34780540831856,1.54343488540003,6.39548297352137,15.3153632616365,15.581600939108,16.8503593058492,17.4289945059771
-44.246304230908,-39.1863988974732,-6.30857291927311,-56.8513581947553,-45.1595553187806,-22.7052356435226,-17.121496819419,-11.6533488050028,-1.45571835088276,-1.14763775952698,0.316100306263634,0.981627855575518
-400,-400,53.8933876599161,-247.148829592835,-303.827027865657,-71.71946614302,-29.3363257817103,13.2560174596696,90.5674420089653,92.8812813436439,103.886618427182,108.896567575906
-95.8099030113378,-84.7456333585991,-36.9146840786701,-99.8198595929658,-86.4076095664553,-57.1836729723973,-50.248191132476,-43.565021395599,-30.8758543583764,-30.4868238536525,-28.6451774374832,-27.8109080644114
-10.5867349782749,-1.93876602102017,39.8175472474435,-17.9996339556155,-5.30859486549762,21.1438852506235,27.5228683584144,33.7045603589276,45.3682531729129,45.724031555085,47.4103712091475,48.1752600876176
-74.8704266990341,-58.7074828582101,1.61191799403926,-71.3770166463861,-56.6094794808221,-21.8098239633,-13.7723422231839,-6.10326715608731,8.61808232282453,9.07337807488724,11.2241157068032,12.1962757763987
-97.6719562406018,-78.8818626505835,-12.1787670966023,-90.2623101677791,-74.8222679632645,-37.1918888665872,-28.5977949325736,-20.4319257706945,-4.68388788477014,-4.19505295576497,-1.8879400262259,-0.846049623600154
-64.6268937928391,-27.9911802710446,4.36800162264601,-61.7060022596095,-21.8544021929441,-15.8406339937582,-8.99302090036483,-2.30665680846645,10.4828022852293,10.8759333448592,12.7421587812565,13.5900448473731
30.7416756692863,16.1981671787305,61.310087138594,17.4301353761813,-21.8544021929441,48.0439062919632,52.4657122548835,56.9791687661854,65.2957891731976,65.5432076498531,66.729613268555,67.274150055487
-152.659994916302,-105.771764716467,-48.1942670648078,-134.755222210199,-92.1246974804222,-74.8113643603531,-65.7245300473549,-57.0323920002274,-40.1141317445291,-39.5864958829051,-37.0927403588235,-35.9648377430112
-113.456230477907,-134.102821572443,-77.1005285669129,-146.064282989919,-110.178736106869,-92.8658302595456,-87.4468843207885,-82.4194145532484,-72.1941406013212,-71.8680905097041,-70.3313962361321,-69.6383718957382
24.2110987292412,1.24678525691784,26.2713133301316,7.18353400477278,-17.7754266095093,9.7658432408867,15.4888531121105,20.5924307289438,31.5649867981949,31.9241613063372,33.6113145373948,34.3695495497024
33.7902491326208,36.1079715104076,24.3248984384959,18.2097613450769,20.5505724576558,19.7296872862389,21.289892143794,22.8836960262375,25.5738568373467,25.6527147038892,26.0247073679885,26.1926251202418
80.2872820583846,73.7664120657743,-2.11293441849216,55.1828643766364,58.7965106925634,8.70362965735367,4.83998964911061,2.17750565011565,-6.51541005958514,-6.835739739308,-8.33781472668278,-9.01164518001405
-34.9173028154726,-32.5263765391605,2.25452175694221,-50.9203067782278,-39.3593226546874,-15.9095400963873,-9.80281314076232,-3.77699294360216,7.80408750901764,8.16208371339719,9.86252450436247,10.6356365841179
-34.9173028154726,-32.5263765391605,2.25452175694221,-50.9203067782278,-39.3593226546874,-15.9095400963873,-9.80281314076232,-3.77699294360216,7.80408750901764,8.16208371339719,9.86252450436247,10.6356365841179
-39.2037644383954,-72.1268823843218,-38.9808240962497,-83.0380587703609,-72.7039455764185,-58.1095034301999,-51.5495366429649,-45.2943000414645,-33.268738015551,-32.8934318328915,-31.1258806655271,-30.3293454838751
33.7902491326206,-40.7062204698531,-27.5843052099956,18.2097613450769,-48.8466426855329,-38.5083554836028,-34.736750829101,-31.1620939257586,-24.3944306457793,-24.1827391452871,-23.1910132023437,-22.746557993354
102.322136488269,82.5200135536272,49.5550542728649,62.005445791618,70.7246536376196,55.702769838898,53.5324667246467,51.7766065032679,47.445132476804,47.2934853705349,46.5884428431269,46.2749652859339
119.504413229419,95.9951199456925,57.2404167346078,71.2499325238879,82.0564703153321,64.387862799609,61.8633345027558,59.8299365131421,54.7771225760082,54.5997746563471,53.7753526899623,53.4088472054669
57.4339057700544,47.6658421737682,29.6465192183425,38.6097183918382,41.5432684474412,33.3745902244364,32.0630913739843,30.9600698699713,28.4187921599846,28.3320316201786,27.9282033109673,27.7484429876237
-28.6694895340924,-28.4097739754259,-21.7635724531,-32.838245860199,-27.1866858090971,-24.3034881725525,-23.424850047429,-22.5660646225276,-21.0690454413759,-21.0242495553764,-20.8143033807221,-20.7201851815278
-106.214020724044,-96.92330899269,-68.0633895858912,-97.1841276088807,-89.0847336468624,-76.2482405651028,-73.3971698266907,-70.7715853336395,-65.6376847249553,-65.4744094070115,-64.7116992624859,-64.3709266594994
7.27905261090718,-1.78394044883349,-7.87863392000268,-17.9724033536791,-5.63626303389118,-8.62402268654525,-8.38695883025289,-7.98107808246535,-7.87922385532627,-7.88667876392166,-7.91890740332748,-7.93212046649647
7.22902475791125,-1.77167968973497,-7.82448523326726,-17.8488816811452,-5.59752583090911,-8.56475105296073,-8.32931650152262,-7.92622531213913,-7.82507111405255,-7.83247478616278,-7.86448192289226,-7.87760417463053
-24.0952376027139,-19.5285721463031,-5.80931240709894,-13.4389942237874,-15.6722887472486,-9.63094016463524,-8.27663165565875,-7.03022922019336,-4.74803048993513,-4.67823889258172,-4.35289268663164,-4.20789669797434
-6.08325753021219,-9.2667736000223,-3.17300516758863,-11.6889512529085,-9.13954999574536,-6.68079925758462,-5.45795349433646,-4.19348737406295,-2.35209080923866,-2.30358602120901,-2.07559685750809,-1.97313451586965
108.969416496579,85.5743286664513,25.1931250219485,55.5302918646682,67.5992127133181,40.8679362072697,35.3002915353748,30.2641987712164,20.7432641331252,20.4471684240382,19.0680505268638,18.4539643655782
97.4736851475802,94.007174268544,69.7378199464111,103.78365777997,88.7575320900563,78.1344502033217,75.2227212445698,72.4263704193474,67.3873098400109,67.2336911191604,66.5145206190814,66.192485671272
28.1110777349036,16.9517278919067,5.2455665915867,0.425654957737676,11.4874696051979,5.99101051070328,5.70834937849263,5.64333733737632,4.79240303635726,4.75414218634884,4.57810149588997,4.50067520073585
114.87707033599,108.010619851612,78.0568862114333,114.189584717918,100.73092543651,87.518595165777,84.2307633917906,81.1295104283153,75.3421073304654,75.1623384623757,74.3215891974846,73.9454977712739
-44.9155566458292,-46.1969684629659,-36.2846910549103,-56.1360351279598,-44.8858380429424,-40.6534784402488,-39.1451966765588,-37.6379689176635,-35.1317995300096,-35.0589240852571,-34.7168844450442,-34.5633272863415
-24.8933880322431,-27.2268297537806,-11.085805505751,-4.07395147799718,-25.3195625037389,-18.3165599961415,-15.8616142611834,-13.4075163169946,-9.04391794232073,-8.91117012197173,-8.28722424535249,-8.00659202608287
-22.5097958819913,-24.5203759946681,-10.0066653510686,-3.27700234836446,-22.7828405563664,-16.4788269888658,-14.2826481841372,-12.0888274385042,-8.1725415017766,-8.05311578671541,-7.49178712936303,-7.23931520698899
-23.6399948384092,-25.7515245801744,-10.5090920632562,-3.44153803112752,-23.9267488688199,-17.3062157916541,-14.9997685950563,-12.6957978538266,-8.58287831358129,-8.45745632830779,-7.86794380531433,-7.60279546842781
-18.5566291811004,-22.532168729371,-9.87607421356258,0.074049201654347,-21.7689752904396,-16.3071350207393,-14.1423090455713,-11.9430319074106,-8.05414563732962,-7.9359583839786,-7.37956907559996,-7.12888440701582
-2.3914442241872,-10.0400129783612,-12.46849948928,4.22087084232858,-13.158425485698,-13.8065898608732,-13.4156058556389,-12.8875512554857,-12.0979061919388,-12.0756053692628,-11.9675288340353,-11.9173171615313
-8.75242434647685,-15.7841656013701,-15.685702717264,-0.802197336692068,-18.2510735224398,-17.9166906517816,-17.2179678561754,-16.4001461676003,-15.0500824474177,-15.0100105730965,-14.8187592949676,-14.7313059844393
-71.563276997362,-67.5424413587514,-40.3646653069629,-54.2485831586266,-61.4584691066494,-50.7813383659723,-47.2172095821229,-43.8019994884897,-37.2826643912241,-37.0769486978794,-36.1127565414826,-35.6803636476918
-6.74507678383875,-9.57304117910587,-17.4318408881186,-4.52583928562076,-12.2987945865366,-13.8797090411958,-15.121821598551,-16.2792622687682,-18.4484072302986,-18.515829494123,-18.8307833897255,-18.9714873620391
15.6304636141233,9.96742947327949,-11.5160450047728,12.7249012956952,3.71614246369845,-2.47615982102261,-5.60909208298028,-8.56222394104478,-14.1393530941018,-14.3138092340143,-15.1299131609997,-15.4950939299614
32.2861145526929,49.5454790269394,26.7270489351478,-1.64858935414998,51.4651973645542,42.6264466175198,37.3677127212325,31.89285291574,22.1222590536959,21.8224768302516,20.4075055920198,19.7681172959625
-32.2861145526932,-49.5454790269395,-26.7270489351485,1.64858935414927,-51.4651973645545,-42.6264466175201,-37.3677127212328,-31.8928529157404,-22.1222590536964,-21.8224768302516,-20.40750559202,-19.768117295963
20.0489771932318,17.3968486686693,-31.3628647452759,-8.12150597371684,7.52849732805672,-9.67531856799866,-17.0711024094121,-24.2572660496847,-37.7037940201898,-38.1240377277688,-40.0955850892814,-40.9806120625593
-400,-400,-32.5510079277136,-400,-400,-191.367593565885,-137.641992033402,-84.2494229424333,14.112247249884,17.0971696622414,31.2475271826238,37.6677208583742
-52.3350917459251,-66.9423276956092,4.63581581012704,9.77009532786628,-58.9936946926114,-32.9511280495216,-20.2966103118206,-7.63558686605563,15.5815349664937,16.3015608975172,19.6880794972611,21.2124947665966
-61.6343023626084,-94.5415024650262,-54.6931036562625,-41.1595300902491,-100.613537076031,-75.8785957663381,-68.8201477282356,-61.2268316615048,-49.1098190544581,-48.7634136766693,-47.1246698356496,-46.3826032559217
-61.6343023626084,-94.5415024650262,-54.6931036562625,-41.1595300902491,-100.613537076031,-75.8785957663381,-68.8201477282356,-61.2268316615048,-49.1098190544581,-48.7634136766693,-47.1246698356496,-46.3826032559217
-6.12213988900028,0.289707650133431,11.8278113720551,9.11694559454035,3.60644822635587,11.466486328615,11.6051592502475,11.6334439126164,12.0496594069248,12.068461321188,12.154890964328,12.192864938585
53.6947246519023,53.1271358226022,47.5074704832702,58.7200523865392,51.3343791584656,51.5003836591756,50.1175861811902,48.7832389980202,46.3937150553432,46.3211018234985,45.9810384594836,45.8287040300429
39.3944676040713,84.37149655983,34.037896976931,56.554474193733,84.0086579610794,90.9468252032124,71.7253222791506,52.1579004752827,18.1910381222227,17.1706851792855,12.3676322984759,10.2039452425585
75.0434411830013,60.6179174730579,29.3587307136415,48.1059309321704,51.4277502285211,34.7374469801527,32.8456440063576,31.246780195251,27.5984129139464,27.4743285254222,26.896702162917,26.6395449744186
-340.415735094557,-400,89.3607351609219,-295.470554610428,-391.688528398252,-163.95172256318,-78.3501003689331,7.27091397166859,162.816568349594,167.541869635911,189.881798636848,199.99009463785
-56.0761833291435,-72.5196268088565,-27.809685509472,-47.9993303718637,-76.5719373020727,-61.9829587264013,-50.0023739786965,-40.0919542408628,-16.0124116326415,-15.189109354342,-11.3289933537542,-9.59756426288219
-63.5676507947071,-76.4084971654668,-23.4366426956036,-51.7998240766775,-76.995265743213,-54.8235888511694,-43.8060458158991,-34.7951820717404,-12.4723297000733,-11.7046322374366,-8.10518806560261,-6.49066521135122
-234.780260213489,-195.090535672438,-81.4975205672168,-182.585670676415,-188.662698857587,-145.109607109016,-119.486866251663,-114.433450445322,-43.4625981059177,-40.398704681045,-26.1764507640658,-19.8655966988838
-115.292589971536,-76.3688637034117,-84.7870564153315,-74.6544808951471,-83.8470820835386,-100.887296844218,-90.69345785245,-97.5468238411546,-75.5591454699811,-74.0578377903834,-68.2894022358515,-66.3086089316657
-124.15440560278,-138.790654880358,-8.62144330611274,-98.7543061219375,-126.480097579784,-60.8738202815258,-42.5629133674885,-27.9659941633092,8.84820479742345,10.1746466633599,16.1880918459618,18.7869153166663
-36.8261381531731,-20.3424655071704,-142.125018071114,-20.7422675927333,-66.0402292652126,-119.609725007957,-101.823973355352,-119.480411273289,-162.59250057585,-164.124110106725,-171.09476187869,-174.120710186529
-147.81010525661,-167.903302789161,-50.7938628427432,-126.723457670871,-162.870151562134,-102.333904749898,-81.8448667341479,-68.6385177833438,-34.6867490894979,-33.4535572012578,-27.8751683572612,-25.4704757772506
130.144917664922,138.474803678313,-7.56908363993172,91.8663875846029,124.824658815654,51.3237608480571,28.2655334719084,12.7578428492672,-25.9311406957706,-27.318657803502,-33.6170485885721,-36.3430205195975
-166.971055818095,-158.817269185483,-134.555934431183,-112.608655177336,-190.864888080867,-170.933485856014,-130.08950682726,-132.238254122556,-136.661359880079,-136.805452303223,-137.477713290117,-137.777689666931
-43.970286725208,-50.3046915054941,18.4215470549903,-35.6281510882399,-34.2696353108789,2.61299563888198,5.7987887068931,15.7906590265698,40.7256418065372,43.8570640632153,55.0014628206105,58.3110168359132
10.2236554322151,-10.9596892741467,45.785847859316,1.23322818664278,-0.380609083509853,32.5818023534946,34.2672635101662,44.5870566577153,67.6276771406939,68.6530162853337,75.3223008864612,79.202657762409
-108.20183205281,-92.1652612949835,-35.3455050539637,-76.2888024538285,-87.7233221752809,-67.3660046505978,-54.8064343633418,-50.0137019597441,-0.495975392211179,2.25188440043746,15.96467492654,22.5113230342468
178.788284475058,125.861933461137,98.9811298716338,120.381516337211,110.349922927448,104.638788394548,100.110946034766,103.390906392184,102.155174035295,95.5119635632677,82.3583963996123,85.0499314558709
109.07955435626,83.3050923669284,120.558734123644,93.3306983609016,83.0871768572758,104.217190237193,108.529948003446,116.693042881604,74.4543473249165,73.3769925073541,68.0399005834726,65.5095075513629
29.1742230274607,-15.3806393079134,147.492608037457,28.6623535644746,-10.5556023035993,66.4410421486831,92.3085015099876,118.343834383427,164.211676764014,164.617402457577,166.817990466343,167.947355064756
80.7764884252941,48.4778254521697,96.0925714275476,61.0411786362131,48.204749738473,74.6833307873433,80.0877621052349,90.3171531356425,83.2710772937227,81.7990382759473,74.54190443253,71.1170657897061
53.1256363977164,31.5515396034513,125.389760263799,33.0584313759857,25.8940210969442,33.4403486589537,84.7184551473987,139.334813118398,114.590460618758,114.008985466155,111.217626309326,109.934563377416
53.1256363977167,31.5515396034503,55.7682772141385,33.0584313759857,25.8940210969442,33.4403486589537,84.7184551473987,68.5194616919523,46.0472784266289,45.5393514410195,43.0906683137078,41.9602601624666
117.424087048149,69.7386607317501,19.0826293485148,73.0693575980551,57.2337950843799,73.9135129121614,61.2310919764809,45.4801702263665,-0.790200752495451,-1.80281802833031,-6.70238010597997,-8.97249709124335
54.2387449698595,32.2126194808559,8.81435736574256,33.7510842238635,26.4365624913564,34.1410035832365,28.2829329605649,21.0075071997978,-0.364997490438368,-0.832730232133549,-3.09586128704793,-4.14443913262197
53.1256363977169,31.5515396034503,-28.2680606234819,33.0584313759857,25.8940210969442,33.4403486589536,-2.10129529211587,-16.9579302837074,-36.6875005934428,-37.1066515527729,-39.1417089237237,-40.087855721157
9.47972708318545,-89.7942623633071,237.300012978616,2.23031803024085,-87.9106275764091,96.2730865100909,148.9044342621,186.142719418725,274.540852909848,276.326814223934,285.025591528018,289.082332965
9.4797270831851,-89.7942623633062,237.300012978617,2.23031803024085,-87.9106275764089,96.2730865100905,148.9044342621,186.142719418725,274.540852909848,276.326814223934,285.025591528018,289.082332965
176.100954039821,126.860485672981,172.31536601197,170.72061098639,129.4724256105,187.50118921079,184.073911835728,179.667962276769,166.514186108793,166.200459066433,164.685158947678,163.984180164018
77.4164831370154,95.5536558855442,122.498698108229,98.3543518242847,88.2381165009422,120.727852838352,121.865942351945,122.476081718558,122.552206960733,122.567190361692,122.621849016673,122.638779027596
24.3797331810254,32.7589139639275,45.7553713917529,34.2296771203138,30.0346672551583,44.6400067634401,45.2536119173999,45.6267699299434,45.8857528272733,45.8995205230933,45.9571500201104,45.9796316467188
-18.6938427287487,-4.28464635818862,20.9828829623597,-0.813796397064603,-5.47973881588573,17.4822806388997,19.0050151266918,20.1326885973826,21.7696307976769,21.8297518614672,22.1012331947202,22.2179441040261
-93.3668253315158,-77.3526412519555,-45.7760116268666,-72.3675389492509,-74.5019878694536,-51.5616748551783,-49.3094311130485,-47.4741921737893,-44.2279877557549,-44.1175262644488,-43.6093804966611,-43.3862035876916
21.8213649495424,18.3992992262398,10.071526736981,16.8241460710422,15.9005872058373,12.164789586473,11.4303394850682,10.7750238513213,9.43612876814712,9.39278988401937,9.19086511357836,9.10091198325071
-30.9535254161171,-30.9535254161171,-30.9535254161171,-30.9535254161171,-30.9535254161171,-30.9535254161171,-30.9535254161171,-30.9535254161171,-30.9535254161171,-30.9535254161171,-30.9535254161171,-30.9535254161171
5.36830041497778,4.42745738680546,0.839862174115846,1.75097684418932,-5.51830262586011,3.18865264203865,2.54814288251131,1.84409640032595,0.00209947773828212,-0.0477904030149023,-0.285448277489841,-0.393847843057804
-32.274561411624,-30.7752253719482,-28.426020226429,-32.3311019331485,-38.9499277296088,-27.5678267383785,-27.6851277680232,-27.9224926944474,-28.8114650110534,-28.8304950505234,-28.9243766044092,-28.9687298426413
-86.1104742491388,-81.1195876797921,-70.272014619832,-81.0657341649158,-86.7341380531545,-71.5516375734188,-70.919068509609,-70.4872060248968,-70.0083931691227,-69.9831604302392,-69.8708065766689,-69.8232834660823
-24.8463511588428,-23.058079557427,-20.2339229317061,-22.5272755961691,-22.7317122729005,-20.6169214260147,-20.4525210183594,-20.3306400218473,-20.15096982635,-20.1450080387529,-20.1181300424762,-20.1065993302719
-46.8516952644177,-43.4796284533228,-38.1542378250827,-42.4787142635887,-42.8642117081775,-38.8764416057248,-38.5664388310087,-38.3366130803139,-37.997816723709,-37.9865748373677,-37.9358921563242,-37.9141491884767
4.63473755778852,14.8804176605916,35.4054047953573,18.7528833764753,19.5353987580042,31.1895209327398,32.7553495937869,34.0808844851756,36.5890086113649,36.6706157924497,37.0482456491647,37.2151936770561
94.8599657861672,68.7258895320161,16.8556193694558,54.6842075975613,39.1834353651413,29.8789383968407,25.4163534190382,21.3871985520183,12.9522458292598,12.6985961193528,11.5142059769173,10.985394480495
30.2999890714829,21.9522923552613,5.38398974166681,17.4671251339459,12.5158980767846,9.54387342846588,8.11844305921205,6.83145810801342,4.13718162161683,4.05616131579578,3.67784567890148,3.50893372084122
71.3370930049745,51.5846970262392,13.3277865442327,42.6803399802147,36.3141985619166,21.8350917229101,18.7912938134624,16.1403451888643,10.8775913665197,10.7144428857239,9.95630906878679,9.61959830152697
86.8373688190558,70.5962131775462,41.0919468363814,65.0734525581211,18.3105519259419,47.7789088755164,45.4052080511659,43.327791746547,39.1659957854407,39.0393689420848,38.4504801638326,38.188716055155
32.1573670623701,19.4618096867251,-1.41406138564992,15.5710633963966,18.310551925942,3.10407348028996,1.49133554106853,0.0928909928319621,-2.68167734936831,-2.76340082591808,-3.14307558731628,-3.31163936359624
-31.1877715847192,-39.7758599310568,-50.6559944078938,-41.7759666707378,18.310551925942,-48.6503806387701,-49.381565946039,-49.9934421207614,-51.1609489590924,-51.1906532347521,-51.3279598454778,-51.3885538377779
17.5298951802292,7.75462329003158,-0.0589403300633506,15.1907351365574,23.6579955311315,-0.106730801483312,-0.314404570251625,-0.315901968297361,0.197733822812651,0.212503122218255,0.288014094713507,0.32494795997895
65.8917701868986,49.989760226096,79.2301108828012,68.8599538959305,44.9282873967727,76.1149746606016,76.7549359026001,77.6015353942582,80.271687416214,80.3103423204291,80.5025253793813,80.5938925013495
50.3011135142282,31.3068297874358,12.2054147783349,28.5642893476602,-1.72095352397283,27.2430061280933,23.3509738782068,18.9356701042517,6.93325090896,6.64427301089274,5.25943633340518,4.62399544018077
-19.4759437365672,-27.9650311965652,-30.5896727375914,-18.398592152374,-7.45258175828702,-32.2010355521361,-31.889035324355,-31.4031629399011,-29.8271736623402,-29.7782561848968,-29.5427785970629,-29.4341583367952
124.0761204503,50.0172422273198,124.475654790856,121.539928970186,44.9529868400914,123.665192844747,123.496278321644,123.621307132015,124.817713399089,124.808638153956,124.778443277145,124.770748987867
88.4022889619959,77.6761075175124,86.3727637491032,80.9216579277431,70.5021794883475,88.1306538746807,87.3887560048949,86.7760396778023,85.7550474423202,85.6964040501686,85.4261044416547,85.3070280015306
-15.163469409443,-22.5761163318233,-5.85214152017937,-17.8139133793592,-27.3312664425859,-6.11611058052222,-6.14848065901237,-6.12816979087518,-5.85604619467013,-5.87280581159639,-5.94796336279488,-5.9801096202788
-5.62882968539546,-11.5031443711605,-23.1789433500608,-17.3889099592762,-6.97633029013385,-20.079361829503,-21.0984816415731,-22.0470847672628,-24.1247191484515,-24.1836820302299,-24.460191637121,-24.5842176666114
-116.230495742175,-111.524026206809,-114.040803264401,-130.861318183054,-85.3635282739364,-110.583712923952,-111.373846547464,-112.389082469138,-115.398053924017,-115.475325317634,-115.847423968185,-116.019055037968
-44.849304598348,-50.5797415314237,-48.5499917837651,-41.2818201639467,-30.6103539460008,-51.0719903600777,-50.4115541377975,-49.6384774049964,-47.5422859079968,-47.4762906393382,-47.1621073454357,-47.0188501084203
-4.56036750234472,-50.0172422273198,-31.5689720136027,-13.3410422965428,-44.9529868400915,-26.018038152883,-27.5123834918836,-29.1214616454778,-33.3499737658309,-33.439045183487,-33.8661357848816,-34.0621523138854
-14.5477892526171,-18.5984109483535,6.34356238730795,-12.2801466129204,-20.8980020314082,4.01804139472284,4.70886455686106,5.37449850737302,6.96534217678617,6.99124167008192,7.11484474457404,7.171243454445
123.826170110976,119.441377816626,143.533792194197,125.59728128698,116.897096042954,141.41769751179,142.035171217261,142.63530744087,144.09208966196,144.11367642745,144.217182554898,144.264627113018
76.0533740994622,77.3802654733386,77.9816599391259,81.182620674574,69.5060508040351,77.6652285009555,77.7076324237028,77.7848776660733,78.0826414863527,78.083966122556,78.0919327704169,78.0963312951777
110.313618033945,96.9021900306997,66.8924557419194,87.5374063023814,95.9525598710803,74.6009461365648,71.9649365175761,69.5735376556868,64.5476569657274,64.3932872465057,63.6722520949761,63.3501969305521
-15.8116054112763,-8.52794187970427,6.56956321360305,-1.98372570394301,-12.052661420414,2.60939992782838,3.93025735468995,5.14820714140152,7.77657872856827,7.85334313688322,8.21279919136815,8.37377866622149
-29.9826464677214,-57.2489417442513,-73.3723385171569,-70.0299410348491,-48.857882729833,-63.8599647991775,-67.1136585445294,-70.0954173878191,-76.3912915099505,-76.5989909712467,-77.5693580116886,-78.0029606041517
-8.28015972159493,-14.9624450694643,-18.0232765663301,-23.0483527151352,-11.7191259982093,-15.4105478775662,-16.2860022903258,-17.1058214616984,-18.8810686825194,-18.9404544307822,-19.2184499424919,-19.342942872507
-0.72641189172975,-0.295261064378227,1.10668783219314,-6.47280334316926,1.10061325556523,1.31879030892241,1.26971342399833,1.20215804718458,1.00255551160635,0.994913649689955,0.958506990816299,0.941888167465454
0.816238004509229,1.50246133664704,6.66901264507329,-7.04538259851204,5.19821245129513,6.48070900554769,6.58697281537479,6.64409158791146,6.66312450873185,6.6618675807004,6.65473980390165,6.65092939774776
1.67897233323948,-4.27955684483678,-7.19122280108504,-12.2735581793344,-1.38164044318101,-4.77068985843179,-5.5804354976821,-6.34000734933877,-7.98796811591391,-8.04315329414016,-8.30152289558652,-8.41724563657207
6.5529714122416,7.69627830165742,24.0321482064819,-3.1635614470952,17.7347191442838,22.3338314409574,22.996308892515,23.524948369354,24.4431994611237,24.4698190410827,24.5917383806538,24.6449984499335
33.3808944814347,32.5667450987281,20.5035319173282,36.7605439400405,25.6660632265506,22.0666354839933,21.4838073513746,20.996030106514,20.0830049919412,20.0550537434835,19.9259110491831,19.8689242012605
-34.8389315546623,-36.6755527195394,-42.6518461204304,-36.8381512721001,-38.9590957103852,-41.3692111045853,-41.8243812300586,-42.2256879929008,-43.0331204895081,-43.0590168732379,-43.1795108553727,-43.233107107109
88.5476413778473,58.8121690464672,31.176803568398,68.8645510810638,58.9854178620167,41.0082248454505,37.540418768027,34.463434398424,28.2212617409324,28.0200614878691,27.0832075565514,26.6661487617383
-44.8167180472004,-46.4099841780117,-48.7804974640252,-47.8261389962543,-46.6308643360263,-47.9650852082708,-48.2460438645951,-48.5015505438642,-49.036073347755,-49.05361490476,-49.1355072181613,-49.1720696962289
-23.0857344043937,-45.5825986364653,-55.6024399650539,-32.1983354199206,-40.1238881929991,-50.1988440547494,-52.1130866174904,-53.8038985878481,-57.213940720438,-57.3234673403713,-57.8331949693471,-58.0599782082837
-9.94094643310426,-31.8335915978679,-38.7292480228247,-26.9014311517248,-23.7945645435887,-33.2112047042132,-35.1289696894644,-36.8572796581342,-40.4329484062154,-40.5495432488308,-41.0933619982629,-41.3359109491132
-98.3590853290114,-115.975023190748,-114.116879806133,-100.344103365546,-106.952374945269,-111.698925513566,-112.565614593266,-113.321743358721,-114.822106120141,-114.869818058679,-115.091538379625,-115.190020574277
-139.252924394659,-139.252924394659,-139.252924394659,-139.252924394659,-139.252924394659,-139.252924394659,-139.252924394659,-139.252924394659,-139.252924394659,-139.252924394659,-139.252924394659,-139.252924394659
26.2420666495596,21.1280380017259,8.68278693810574,18.7740860289301,17.3938943913303,11.8110162140231,10.7134338872395,9.73411227411747,7.73323082839577,7.6684640141627,7.36670211236445,7.23227369320067
40.1992929661432,36.440159512979,-11.8120886907937,-17.2730928081958,13.92574987375,-6.53583337658095,-7.94913451737997,-10.4655992381334,-13.0147538645218,-13.0463351061728,-13.2529270484017,-13.3732978119927
1.69381616563122,-5.12711420620839,19.4786143717947,43.8711913569378,9.95352665244762,19.7949775559265,19.207176042423,19.971157537367,19.0673238362598,18.9907468767367,18.6970508634535,18.596579183841
197.492066440032,165.118724657071,90.1112833996916,83.1335389356998,142.825782419352,109.191334729183,102.471733485039,96.5456733391838,84.3002997899013,83.9012673252348,82.0454210128858,81.2202764488864
106.761110036315,95.0338859510053,62.7203378136828,34.1465050134627,85.1256307391161,70.6164124963289,67.8710683849796,65.3519984230868,60.3428726200761,60.1833917572176,59.4370096615524,59.1029175919417
48.7227677307729,37.9130800495929,15.3818972620257,-34.1465050134625,31.3654115922752,21.2715543442094,19.1799845939872,17.3833014958532,13.5747824042582,13.4488436736277,12.8653972087513,12.6070793349996
-115.115201964255,-115.115201964255,-66.4417572504803,-115.115201964255,-115.115201964257,-115.115201964255,-107.767668379371,-64.438355001738,-68.2616864543391,-68.3862399069795,-68.9673421271038,-69.2266416282678
121.278367313849,103.699439500957,60.9202168711871,95.6079807598478,90.8637192712853,71.6731712268141,67.9003490899244,64.5340355378934,57.6562190611718,57.4335900478291,56.3963157082259,55.9342323607888
0.0336194291691072,-25.7408425601625,13.3289012494386,-15.7152365661897,-25.9587580698152,-4.82874468989838,-0.515986923644718,7.64710795451293,86.0157984900548,84.6178259730918,77.7848970974034,74.5870315243392
-0.0336194291691072,25.7408425601627,-13.3289012494386,15.7152365661892,25.9587580698154,4.82874468989838,0.515986923644718,-7.64710795451293,-27.3765632271303,-26.1344748339658,-20.0288209434504,-17.1554800999967
