-5.9222624114831,-5.49820028436816,-5.46596325060129,-5.90230218313366,-6.17322011818544,-5.51837558134132,-5.35164692243804,-6.15685032258479,-6.75951891779611,30.1569173929622,35.1249256245218,34.2079916236047
-24.9476065897223,-24.3022909029275,-24.2629461451266,-24.9121549725608,-25.4245366925097,-24.3276528683189,-24.1361635107474,-25.3918278248594,-26.6606426367826,26.6889556503624,33.7854951188877,31.2064966224886
-28.1408105921429,-26.1813633076926,-26.0603056640505,-28.0333652805012,-29.5836569920695,-26.2591502253386,-25.6659694112358,-29.484828813095,-33.2830847931348,-56.5217966135535,-62.3566664325622,-70.0143404229117
-52.9498499220677,-51.6134638179153,-51.5327682684678,-52.8760234044171,-53.9451939796075,-51.665555136416,-51.2740203969873,-53.8768278818718,-56.5327981188698,-43.1388709790848,-41.7607399714145,-47.197100931144
32.0015392071355,33.8145834979237,34.0228534080648,32.0545626037671,31.5444239914875,33.6902896627578,34.8656050266097,31.5635034318802,31.5278791683564,44.8949943100537,47.6171467175419,52.1030635963552
62.7428207626949,59.4860635597684,59.2140158105472,62.5978753519853,64.5031104728858,59.6537775134294,58.2055724783558,64.3914690900097,68.1435717878266,88.7589004569907,91.3847035899895,95.6208697382177
-105.979473642453,-105.979473642453,-105.979473642454,-105.979473642453,-105.979473642453,-105.979473642453,-105.979473642453,-105.979473642453,-105.979473642453,-105.979473642453,-105.979473642453,-105.979473642453
160.524166038781,158.269759560464,158.236000424272,160.349278089005,163.15330166228,158.301838502985,158.305104176618,162.959753926521,171.144263308064,211.890650867832,221.728630562737,243.240597416733
-105.979473642452,-105.979473642453,-105.979473642453,-105.979473642452,-105.979473642453,-105.979473642453,-105.979473642452,-105.979473642453,-105.979473642453,-105.979473642453,-105.979473642453,-105.979473642453
43.7543086384265,43.2166935799883,43.1908102486657,43.7205382680689,44.2293639256217,43.2339346865353,43.1170363547666,44.1957901629209,45.5057437075599,60.1918940471814,62.1510157465016,65.160538802736
47.4319663174345,46.6603489369295,46.6200730836853,47.3853268003159,48.0800266991128,46.6868434784725,46.4995093417828,48.0345937996695,49.800501227703,67.3349889651355,69.9940774412194,73.9260924663208
45.7838585495928,46.1860747416665,46.2617492563709,45.7816857083877,45.9469757445092,46.1425234222794,46.5956958508471,45.9293758092109,46.9783758017833,47.9845706885992,48.5909767111124,53.1369655806611
-33.3198793126513,-31.9467233080413,-31.8509560240361,-33.2507399797505,-34.2168517902834,-32.0073138224858,-31.5226596167623,-34.1569237141551,-36.4205707030095,-16.352574039025,-13.9716845573489,-17.9913275224695
-9.91475038226408,-9.29232018687243,-9.2457481453895,-9.88506375006946,-10.2903900270359,-9.32152356515266,-9.0815751693027,-10.2657646765258,-11.1773240462103,5.46091104486015,7.59887067572631,6.16223206887798
32.3261747462261,30.1230950442413,29.9215781422738,32.2358276394478,33.3692632969267,30.2459403011838,29.1506940235138,33.3059800177733,35.2140759166545,37.1243826667786,36.8779843414684,37.6695443184095
18.2592016317408,17.488034013158,17.40914065038,18.2296870346564,18.5791839415897,17.5352810409583,17.0928495750443,18.5609310323841,18.9422367279807,33.4646874139933,34.9133956549794,34.2350462827411
-0.317330097332302,-0.618675480016861,-0.675033292217364,-0.318765938865617,-0.389318967406993,-0.586676635101746,-0.931111362584502,-0.380008095894446,-1.13900492824257,4.60447878090351,4.51950990361842,1.2491659335975
-24.0039582740635,-23.3110676698131,-23.2919602052075,-23.9576099095194,-24.6805088255872,-23.3261645606383,-23.2781687652368,-24.6315693734359,-26.8124644598941,-38.2801683746836,-40.8223113751042,-46.2868538519593
-27.7269136030333,-27.0787505673844,-27.0715503808976,-27.6791488597937,-28.4451994073845,-27.0871845923124,-27.1135549109231,-28.3923112301604,-30.8130119306202,-41.9253268518779,-44.598544468821,-50.9729525899321
4.3441110819451,3.86895985816711,3.80500805341235,4.33449853432517,4.38252784193871,3.90659006321101,3.53694656490848,4.38424398549326,4.03493302295495,13.0063701460262,13.5295757029593,11.2872360136876
-21.333720798626,-20.6532916494545,-20.5815621709888,-21.2941759645762,-21.8305368847126,-20.6939027234803,-20.2546596226497,-21.7981703660517,-22.2879849059513,-33.5274708938321,-34.5262113053865,-33.7638428213017
-37.3335139012053,-36.364890695888,-36.3321994256612,-37.2683145305511,-38.2778235386747,-36.3887406656883,-36.2747515268622,-38.2098459502921,-41.0858596857423,-57.7444965827061,-61.1568510211353,-68.1190735056294
-73.8586966971496,-74.7085829142438,-74.7873411595499,-73.9006358936404,-73.3431398615934,-74.6618025341071,-75.1093475468139,-73.3761622874635,-72.6138457991741,-58.6186324541973,-57.0362367938754,-56.7779908925981
74.1004343816428,74.2237637065717,74.2101503625094,74.1089241996324,73.9535576789006,74.2291016975933,74.107562458088,73.965200587617,73.0243241400036,69.7428868691627,68.6724109472834,65.7490910857417
58.2054555060399,56.9182778014758,56.8445528009835,58.1415731970873,59.0546844371726,56.9676771345812,56.6383285697009,58.9969050675737,61.4703419624381,78.0320536402082,81.1700771378616,87.1147937469254
-25.6090448500267,-25.7893586679312,-25.8277812831924,-25.6083157167243,-25.6830617081878,-25.7677630278458,-26.0062905441668,-25.6749200899446,-26.4184003336592,-25.052464323546,-25.4714602140869,-27.9527482446706
32.1892910419397,31.8033516639735,31.7899535687234,32.1721081111418,32.4250787899445,31.8143736101556,31.7869200364807,32.4086613896748,33.3048703374443,33.8676804174897,34.5490337920474,37.5474873378633
-3.17964153857506,-2.34034890140702,-2.27173266871041,-3.13333674197196,-3.77782606492669,-2.38150094930329,-1.99852878151052,-3.73801193627052,-4.98604177519351,-26.17371196879,-28.8321975653543,-29.8391837834327
-42.0616573495341,-39.8754343102086,-39.7166575280327,-41.945558792122,-43.576649955508,-39.9739426285573,-39.1397784398392,-43.475018999562,-47.0802680227752,-92.1788243017938,-98.5088844188955,-103.919157953464
158.837678657476,167.155992098005,167.764176345415,159.280899788084,153.058441772078,166.779491039148,169.987235790888,153.445878741242,139.57911253819,-20.8336514577013,-45.8740174738606,-65.3898240371589
-154.79201476166,-156.334255217232,-156.464149660194,-154.874325083483,-153.744414476903,-156.256416612848,-156.982239904852,-153.813340951351,-151.548485674183,-129.076215639938,-124.143053697324,-123.045606287441
40.1516408410423,39.5764253813773,39.5674704996804,40.1210399567745,40.6004631585926,39.5869088136472,39.6179266712497,40.5678468444425,42.1507373492915,29.8421388045877,31.1362699747882,37.2861406754456
17.6808521621068,15.5633962468701,15.4245469222116,17.5679409560171,19.1772747644146,15.6517182835247,14.9569128491234,19.0757319758168,22.9234777578335,69.3019050014294,75.5291981142449,82.7765162247844
36.4040819769528,35.420775876992,35.352891853776,36.3518086623435,37.0913702843657,35.4634157843741,35.11512695242,37.0450056665781,38.7582851869951,59.5754738965807,62.4421089308969,65.3315169967572
-2.42571396752318,-2.06389863855705,-2.04174320097081,-2.40828725671225,-2.65400243537464,-2.07853797020991,-1.97624074743139,-2.63863324796851,-3.2794070864977,-6.34099133103661,-7.14099976810241,-8.64896525446373
-52.6285196185011,-56.8166446349505,-57.0366964002421,-52.8832403943809,-49.0851114230168,-56.6724100677884,-57.7047345455767,-49.3337320838812,-39.9455936402695,51.0038853965526,66.4764261065136,88.1020168176809
78.4279592169653,82.1341115317459,82.2650473313409,78.6780721386528,74.8106713397995,82.0402129683348,82.5232501777432,75.0708463649101,64.3456837091218,-2.17228734524237,-15.9675561583613,-42.2254653551965
155.187693778452,155.762909238117,155.771864119814,155.218294662719,154.738871460902,155.752425805847,155.721407948244,154.771487775051,153.188597270203,165.497195814907,164.203064644706,158.053193944049
-32.697117332633,-34.406072511812,-34.5114417901784,-32.7824364701159,-31.5719941505989,-34.3370470022307,-34.8328870080263,-31.6480965288719,-28.5578260403236,-6.10676033232123,-1.90132645024867,5.04167208508139
-29.0921126928001,-27.8065339629407,-27.7225438413353,-29.0268194242643,-29.9491743684147,-27.8605098656371,-27.4487722478398,-29.8914094324843,-32.1488316196163,-51.609185550598,-54.9272648250977,-59.45513071617
-78.5751424891279,-82.0402591972197,-82.2844850579946,-78.7616745484204,-76.1240647909393,-81.8879995207171,-83.1589959274501,-76.2893251516285,-70.2610223865092,2.61450257265725,13.3257554550456,22.6569446348861
-15.0171259111406,-14.2415175430882,-14.1826393014199,-14.9750241011601,-15.5651711360967,-14.2775242471668,-13.9599931268993,-15.5284816540767,-16.793937770343,-35.0877625515397,-37.468700128103,-38.9732018097847
5.84991191407926,6.76377408873332,6.82820791136756,5.89603384655568,5.25235365771355,6.72313780231306,7.05126049729881,5.29223541810868,3.79147149991077,-8.85643864119938,-11.1702701042287,-13.7295089436054
87.9904812677527,89.7676989512302,89.8233722148193,88.0928355049052,86.5291854657634,89.7233139312736,89.8578567942047,86.6334751223317,81.6266219706003,52.2991982061134,45.9493859743219,32.7685382025975
72.7858746649323,75.2081206478531,75.3096030715902,72.920744406952,70.9043638410688,75.1348938218708,75.503487056432,71.0366365185471,64.7926700634603,25.1539791618209,17.2770876131971,2.0307905288744
-14.2784458012201,-13.4543886882128,-13.3761396392572,-14.2423050963217,-14.6995653240879,-13.5013353933218,-13.0646442666063,-14.6738335358918,-15.9955705392463,-22.2114805557176,-22.9781549775225,-24.2689264606867
-25.4584316413293,-25.3714380960247,-25.3881748680701,-25.4477141884852,-25.6495105937876,-25.3635870532637,-25.4919741738142,-25.6341537458997,-25.861432542715,-34.1782320410179,-35.5439358104265,-36.7933553358696
44.4984510397966,47.2728140784364,47.3958125567648,44.6520915516705,42.367103731298,47.1856388384626,47.6576205747644,42.5163649185346,35.8141132770279,-9.41936758579311,-18.1030687066575,-34.0641566794616
52.8106398363409,53.8530592880761,53.9451931746921,52.849604143822,52.3783311399054,53.7958474978531,54.2790222476221,52.4035482917082,52.2093173068932,52.7837810375409,52.7522082030998,52.9893893440796
31.4554512991805,33.9932212944447,34.0825011126725,31.5839901988497,29.6695919514789,33.9225592986324,34.1474522677728,29.7947611821996,29.4735453140561,-6.1165637195927,-12.5954520387651,-17.1245825396156
22.2342130868608,21.4344636728573,21.2526049758189,22.0750802144391,24.5207930205193,21.5106723552754,19.9693397706209,24.3570121896184,23.4476747950033,70.3908168276964,77.4441857828222,71.2787542814166
42.2271610419675,44.4064949991898,44.4045447145525,42.2876223420102,41.4000280203765,44.3750481055128,43.8422259417626,41.4574206398568,37.5812497009949,18.4723622689575,14.0194915326409,0.368715392020658
30.5025227424131,32.9225659505206,32.938199062634,30.5758254345482,29.5079500890386,32.8802353335917,32.4402124975791,29.576563904506,25.2926511423748,2.20429121233177,-2.81776230567381,-17.0720556655533
286.244172613917,294.713665404814,295.073607851397,286.779607195754,278.634654223718,294.46504884197,295.949392671563,279.176066223843,257.479874619595,112.321023073112,81.7590823798309,27.7257117711716
10.716442153336,13.6182249549313,13.6650529385113,10.8140612355543,9.4038453685716,13.5557758158523,13.2674338804373,9.49382063028406,4.38930452253725,-26.2437930055826,-32.3876061126141,-48.0527137746632
83.0163946684063,83.9470019225487,84.0772560660664,83.1040794296983,81.8338259078796,83.8815158174413,84.810644532476,81.9150621851419,77.150899857579,49.601132036514,43.9202301283228,28.8596860115932
58.1453315649502,59.6569999021176,59.8267439976507,58.2630544176378,56.5701758622349,59.5664811482143,60.6945932048477,56.67776835109,50.9134845090612,14.0462679078262,6.9919531383519,-9.7363886966189
48.8718315261814,50.5852739885881,50.7683835640935,48.9997799274178,47.16322119315,50.4861942949173,51.6802382796706,47.279763554319,41.1845840155117,1.14734738484428,-6.36583542911793,-23.6090802981174
61.9194322414923,62.7757007725306,62.8317649653064,61.9903959390913,60.9025999481385,62.743912416018,63.0860571387868,60.9753277598682,51.8221399716797,15.0692039444748,8.98836860203471,-7.58200404133256
99.3117485792343,99.3107203972998,99.3089016695993,99.338618851024,98.8709937364536,99.315720975097,99.3677522901539,98.9050572298677,91.2094899830962,68.1318024000255,64.0575303561933,49.8774719968175
27.4032222997222,29.0508468157735,29.1603417459543,27.514887887211,25.854622729715,28.9850992209858,29.5950426860697,25.9630409147335,15.464348446692,-33.9119763548307,-41.845036080768,-60.6218671020506
3.67909384945349,4.70235151378602,4.77322241173956,3.74355412495806,2.80107666994871,4.65942012564087,5.04824891006397,2.86179744429926,-16.7481436037415,-68.6264356060439,-72.7445430318635,-82.4251675196243
-13.9652178872692,-12.8176387974669,-12.7346217121577,-13.8993857921872,-14.8396347523099,-12.8684393168724,-12.4210776553269,-14.7802307112232,9.19491097318961,35.1676757544409,31.6108315667908,34.4750507203277
-11.0922384446107,-10.5577146198927,-10.5253769236107,-11.059723811902,-11.5385628315072,-10.5781183307681,-10.4136947474326,-11.5075319956596,5.60175540017864,26.884072370591,24.7807354507155,10.3988997987956
-41.6707217894136,-41.3228360496765,-41.3249730742224,-41.6474180163703,-42.0285512782628,-41.324894559509,-41.3901693522654,-42.0018706034954,-26.2302293644526,-7.52601975377489,-9.83650212400891,-30.2047190347212
44.6394598779481,44.5081532799066,44.5354252766365,44.6873980475549,43.885602316524,44.5052268262119,44.8720703588611,43.9425509601051,39.8041421451263,12.0815827493248,6.35129052708541,-8.71124343546639
44.6394598779481,44.5081532799066,44.5354252766365,44.6873980475549,43.885602316524,44.5052268262119,44.8720703588611,43.9425509601051,39.8041421451263,12.0815827493248,6.35129052708541,-8.71124343546639
-20.8554712770733,-19.2090242748048,-19.1013914814573,-20.7556972165946,-22.2128606020954,-19.2757007213721,-18.7087091104216,-22.1190670946066,-14.7456124427449,-28.547452053637,-34.7546548864991,-46.7006248056424
-45.1795983661409,-43.863550836106,-43.7784462578323,-45.1068875481473,-46.1510830352459,-43.9174918553851,-43.4885968213534,-46.0848052646364,-30.3043051943952,-21.4885364720523,-25.4210846327396,10.3988997987956
50.0553428002615,49.5115912152727,49.4847520284243,50.0315911834219,50.3652868016735,49.5309332361533,49.4328648787128,50.3445117399537,53.5919215102463,50.77347606823,45.9354075272961,10.1230903274285
58.3494904018489,57.7249838556473,57.6946860343215,58.3225088358096,58.7013236820707,57.7469963702732,57.6391314320277,58.6777543945615,62.5474703327102,58.612086526737,52.9393961847647,20.9209398117793
25.3245615484969,24.9412266999033,24.9189419626156,25.306512354329,25.5598119933562,24.9562425110761,24.8581523355596,25.5440540036338,27.0710208192862,28.8456856018112,27.897880473513,38.7718559228036
-8.43504513455127,-8.04437070329129,-8.01439591722386,-8.4132846336153,-8.71990550536474,-8.06256973608175,-7.89873137929336,-8.70075546298739,-8.48979955521498,-19.0618159624014,-21.8212442898025,-13.1053611434206
-38.838873742551,-37.7511282314467,-37.6740886319134,-38.7812607164881,-39.5921447866684,-37.7992404807204,-37.3995098554436,-39.5415566462418,-40.5157973097769,-62.2072080361541,-66.5981802901451,-59.8258703943024
11.6453007889777,11.9514694254442,11.9820526939249,11.6654698682796,11.3808030295929,11.9343531899012,12.1246975108654,11.3986134893725,13.2517991719201,-3.39067170489264,-9.68740064922173,-14.8634216352233
11.5652643574383,11.8693287421078,11.8997018163034,11.5852948176385,11.30258445207,11.8523301439225,12.0413662564952,11.3202725031913,13.1607215143811,-3.36736811929199,-9.6208205760312,-14.7612675346376
3.95631053667431,4.76634171691348,4.83262912339493,3.99520302031053,3.47284362374065,4.72570537557786,5.08178026813892,3.50407361978542,3.15326213082185,-2.36220047698712,-5.41018311940746,-1.48241859248532
49.7551662054825,50.606071592572,50.6797553625482,49.8000920617478,49.1863565750613,50.5621069582027,50.9771660459144,49.2236434725115,50.3242896386233,24.5974999240509,-4.20195940869164,8.58213327133583
12.9437537959923,9.68924664392645,9.42548242968968,12.7900679240881,14.8476596750577,9.85170539056099,8.44702455503707,14.7250192214344,17.0636644635593,26.6168011918992,22.6735916681527,12.3686335913881
28.2810379140758,27.0287648536269,26.9343401301484,28.2124144194081,29.1779681293189,27.0864951365354,26.5767799549309,29.1177419839385,28.9240268988886,60.3919269188647,69.4337175578732,65.5416146618667
20.9585093223654,21.0818632323455,21.1000656439662,20.9690690077909,20.8201786167952,21.072577941514,21.2002613518337,20.8294901969781,22.9426524447453,9.48281150441903,3.08333559746119,10.1230903274285
36.3530626740226,35.0035994520964,34.9042161199802,36.2801837642767,37.3053383743008,35.064861220512,34.536357333681,37.2414115983002,37.6031428470954,68.6863526519863,77.134230853646,60.002664240884
-8.92240007601961,-8.20184191222157,-8.14492096321722,-8.88186770172874,-9.45207060698268,-8.23611565359768,-7.92043631954948,-9.41650762264246,-8.70894172208807,-29.7601138584197,-36.7359955052661,-17.8509161110244
-20.7528020681129,-20.1119536946946,-20.0731611553149,-20.7077522082991,-21.3867138698477,-20.1354907776919,-19.9231826523621,-21.3419122763784,-20.398976040806,-14.3562940283803,-11.2767461781944,7.25324144600004
-20.8517105636679,-20.2986412984165,-20.2660060423348,-20.8122647830784,-21.4091760782785,-20.3184707441259,-20.1403096331678,-21.3696664547253,-20.5501281761181,-14.0510133266226,-10.1419489494301,6.29963701524523
-21.898658374396,-21.3178199410148,-21.2835460946696,-21.8572320525217,-22.4841137893218,-21.3386450074293,-21.1515385687244,-22.4426204189793,-21.5819337749191,-14.7565035354907,-10.6511681435438,6.61593678170109
-23.3472134808209,-22.9316558923969,-22.9121535307587,-23.3120872794205,-23.8623889460359,-22.9433522028644,-22.8344191248566,-23.8250161718832,-22.7081595866817,-14.4804941936265,-10.2097217429002,8.19265643214329
-29.9557955954047,-30.3155374722178,-30.3544132632465,-29.96177786092,-29.9380300500596,-30.2913185849166,-30.4939489825611,-29.9362256195746,-28.6242424328677,-19.7356319865764,-18.8760636260809,-0.147695899012312
-31.5195640874017,-31.7868345723845,-31.8198407663017,-31.5200764451172,-31.5760875434722,-31.7662983583793,-31.9387439011122,-31.5691566302652,-30.3098518890101,-23.0416605768274,-18.890635191043,-2.84141243010736
-28.4699445760424,-27.57572239897,-27.5249030944089,-28.411383476606,-29.2887980934957,-27.607671032888,-27.3473320515151,-29.2311688667752,-29.3305652285703,-44.043144331151,-7.15304095368339,-29.984885863653
-31.2515181940913,-31.8230423478155,-31.8666604972638,-31.2809615608138,-30.8734780945683,-31.796160179354,-32.0281885527674,-30.8985246629955,-30.6474649917362,-17.9322791352586,-11.7230226723974,-15.9026787382658
-36.4060084817009,-37.5797984927221,-37.6631239926056,-36.470964537965,-35.5479613522098,-37.5282188063238,-37.9678828487977,-35.6060227099087,-35.1957488151783,-10.9419790164221,-14.9227531661376,-12.9612850547179
58.6609276551901,58.5304346880829,58.5704142177887,58.6053642262813,59.6115279055056,58.5055895100403,58.7148640652755,59.5365734874715,55.8790341872005,31.8570107607796,19.6934843107098,-18.4542463301492
-58.6609276551908,-58.5304346880825,-58.5704142177892,-58.6053642262815,-59.6115279055052,-58.505589510041,-58.714864065276,-59.5365734874715,-55.8790341872015,-31.8570107607798,-19.6934843107101,18.4542463301494
-52.3136875829877,-54.1144292860981,-54.215567896625,-52.4366923809712,-50.5802634799721,-54.0514371797872,-54.5789946609002,-50.7028849775974,-51.45251946233,-62.0734707385814,-64.7762647861423,-56.0321745256879
264.009959527056,273.279201731958,273.821002875579,264.704526981314,254.113861203198,272.954376486694,275.980052900942,254.819054034225,234.032199824592,41.9302062454155,4.31489659700937,-43.5530425102447
-6.34724007220377,-4.41600540198515,-4.35484632116427,-6.16867184531067,-9.03126442553415,-4.4541523302545,-4.13586940437511,-8.8336885098748,-4.42651472487121,30.2164599778017,45.0827804754322,74.4864208558372
-54.8901103626818,-53.3650134548703,-53.2789375860894,-54.7533763936262,-56.8888220415867,-53.4135512408044,-52.8835378057531,-56.7441100731923,-48.8743090222689,-51.5897607071373,-51.7769046879737,-11.6057885115934
-54.8901103626818,-53.3650134548703,-53.2789375860894,-54.7533763936262,-56.8888220415867,-53.4135512408044,-52.8835378057531,-56.7441100731923,-48.8743090222689,-51.5897607071373,-51.7769046879737,-11.6057885115934
11.2180044765848,11.1673265638603,11.1593478774084,11.2130790470229,11.2837392089257,11.1712861710461,11.1135553095387,11.2792542167473,10.211028372145,15.5888570274185,18.4486694640527,11.37314131821
34.6399675950086,34.0518198252327,34.0075627013742,34.6074037320691,35.066793312336,34.0788396418281,33.8393192107136,35.0380733142583,34.8863233530104,48.827196168749,52.9387218737908,47.3782814068183
-3.25570220123197,-7.91075512528607,-8.18216006020762,-3.60708050645968,1.75684899579558,-7.74837635866596,-9.2704258615889,1.39943924607415,-9.30535725967836,12.5971917639275,11.2516437616444,-50.1987791201906
15.8359727361628,15.2668544692678,15.2329753574952,15.8090148216855,16.1867947783005,15.2894960867569,15.1373920214194,16.1633217587912,18.2827157357104,22.8020799976985,21.3992169070938,30.1863459825416
300.352984293672,306.773951455259,307.648316614623,300.405813088771,301.178304404375,306.248600515106,311.114609358155,301.047416173571,296.148511706886,210.863298714729,189.459857566236,232.445981721195
-9.19552122908616,-7.5497950399587,-7.4075185233538,-9.10947881716815,-10.2806170734111,-7.63484262036789,-6.83590450846903,-10.2097373925978,-3.44470606331013,-9.67172260203641,-12.8982838283509,7.97524387974295
0.15402566172289,1.49797589816127,1.62037707207165,0.223303736462421,-0.707317802784502,1.42545256182443,2.12305960513546,-0.651691774522201,2.10632713237879,-6.84082809949009,-9.1616106937201,12.6645607699465
5.08821189126483,5.99893425822859,6.24083371573896,4.99799802418774,6.9616157843388,5.85400493398733,7.20694620611226,6.80128696985047,3.28671681828272,-11.9480336930614,-24.632791705918,-8.26341429466702
-76.0731374985113,-76.310480935444,-76.2480758299024,-76.140658952519,-74.9035412928491,-76.3456478903494,-75.960876742026,-74.9963544774704,-70.5850405414144,-64.7780091706348,-64.6013622374035,-43.3022168133492
69.2210911990982,71.6835985226463,71.8389486572774,69.3715394908192,67.1627036072918,71.5866998713192,72.3942853247921,67.3055111196119,61.9795005428741,21.3137868706282,10.0132300648277,1.78733406275595
-190.97061688452,-194.64022356195,-194.877074575858,-191.183150035543,-188.101095051967,-194.491524993321,-195.707598781932,-188.298343078231,-180.919959283302,-177.522681794066,-163.396823987316,-151.805294145619
76.68474940996,78.5986225817285,78.7169300606517,76.8069797476146,74.9950273672826,78.5252673144648,79.1471922831239,75.1130913279685,70.7198971230373,-23.3413426315411,-33.3577825888045,-40.0539771119833
-37.0822846926458,-39.9041268311164,-40.0837385174387,-37.2512146870992,-34.7824349781578,-39.7918081452768,-40.7209942605617,-34.9414485897849,-29.0044782373344,-39.1303958297569,-26.9887905974032,-17.7609974366852
-153.888332191874,-154.736096730834,-154.793336058418,-153.931935348444,-153.318660073809,-154.699716848044,-154.98660452137,-153.356894488446,-151.915481045967,-138.392285964308,-136.408033389913,-134.044296708934
77.8069067898881,79.6343947881885,79.7681629659786,77.9045157520812,76.5340542357886,79.5516443272184,80.2581062152941,76.6193834929519,73.7269186585902,61.4446253499297,50.8119706944806,52.3572325182623
92.7246298105825,93.7555491104672,93.8173693278532,92.7917482507833,91.7915746320622,93.717129388987,94.0406586453038,91.8570023624634,89.6010311691867,82.6829050237875,70.825864424246,74.1752603522934
27.9744618113211,28.9188634899548,29.0552741379483,27.9817443966436,28.1136252371224,28.8378521456787,29.6123075635289,28.0926255284312,30.0774200499647,28.1269052760934,14.607162948102,40.6502473309673
68.4807644086188,66.1059604457767,65.8847565228653,68.395789885717,69.3880947715744,66.2421847132064,65.0636802143945,69.3372634726554,70.9279324217698,86.9252629201561,80.3946591364266,86.9913755543664
88.3686842176461,89.7689576949474,89.8652762589697,88.4451309809092,87.3589486874483,89.7087129439048,90.2068351555488,87.4272558076892,85.3306076648492,63.3296814206572,77.9148090414218,57.0502821358619
204.249287351545,207.442627902374,207.750389296866,204.374632839811,202.867492304324,207.256305960568,208.94656582173,202.947482092224,202.559853719255,168.294414840408,163.405408401767,175.132255177857
86.1245306729608,87.1616011624076,87.2338462939156,86.1834172107574,85.3414429405093,87.1169031527994,87.4982572548483,85.3946742213408,83.9874936445676,67.8651998759269,73.6461849370185,63.6769764811685
100.300123590275,99.5670030379461,99.5059360828275,100.27130836144,100.633159672755,99.6052674764368,99.2903527602238,100.612946380863,101.85588456098,108.311139583079,113.372339758993,111.634156600814
40.1030383016105,39.7406275133042,39.7043750519178,40.0934321043312,40.183745305835,39.7631060363157,39.5723709268129,40.1805455889733,40.7747166418806,40.649083056743,44.6997718343546,41.7496911650602
-1.43959968217757,-1.68590459939546,-1.72890101341565,-1.43208769939953,-1.63880082339452,-1.65984236484427,-1.89560193555787,-1.62041384779137,-1.27793579587676,-11.4033539247698,-3.96222160330462,-12.2963117978329
-0.664957948434397,-0.778727362577891,-0.798587610958679,-0.661488127817877,-0.756969904139337,-0.766689092332795,-0.875587560710045,-0.74847687255124,-0.590284629523996,-5.26726347953654,-1.83016902628834,-5.67972497328468
-32.5576172111409,-32.4725642338896,-32.4788644580187,-32.5440372222786,-32.7814830303859,-32.4691400381941,-32.509984640846,-32.7641465782889,-32.9530673397452,-41.0221366870178,-38.191181726279,-42.6040785294382
378.417449188772,384.660501427731,385.342444789283,378.598182408009,376.876940977485,384.248633050711,388.009686250946,376.939431379117,374.309139663714,292.56923091374,282.13536037507,306.708893753895
378.417449188772,384.660501427731,385.342444789283,378.598182408009,376.876940977485,384.248633050712,388.009686250946,376.939431379117,374.309139663715,292.56923091374,282.13536037507,306.708893753895
208.192755389179,211.480140684729,211.790092231096,208.322024621963,206.757153036563,211.29159662972,212.979550714368,206.840877183887,204.855797151146,163.105310963671,165.807636877244,164.514355435433
155.955436776113,159.524300856107,159.848826941184,156.099756527265,154.313878711359,159.325847014006,161.076647479978,154.411910003294,151.569460445483,122.769971647558,122.295231302042,120.787934664156
61.083757813763,62.6556648459622,62.7977167475249,61.1477434764586,60.352586820587,62.5687365444136,63.3341336191863,60.3964448660252,59.1092878974607,46.0671491157114,45.7623426697931,44.9933738896354
46.6593163212656,48.9531780030961,49.1555263277719,46.7550350880824,45.5468367236554,48.8290093872518,49.9138692920449,45.6146362885244,43.5397405348284,22.5117003097951,21.5324391520043,19.8234921686232
-18.0573668622374,-15.9980876007611,-15.8234120774267,-17.9681270804421,-19.1202749643756,-16.1057696497554,-15.1771136116997,-19.0540491671406,-21.1941404572574,-42.8881753108304,-44.5215013715453,-46.8837521447059
5.47164546423707,5.25320157685469,5.23857942497126,5.46032637870617,5.62033252377288,5.26250356206734,5.18932967064059,5.61030712970854,5.9925986877607,8.91691796123546,9.51237041356377,10.22649134894
-30,-30,-30,-30,-30,-30,-30,-30,-30,-30.9535254161171,-30.9535254161171,-30.9535254161171
7.66233315339518,8.01271866664727,8.04856754652605,7.6747362194475,7.53584969441648,7.99108966006402,8.18913975420914,7.54256345086432,7.43759842253387,-0.565267650177592,-0.0249188839823944,0.203061085524903
-17.6339183660148,-17.1272921438629,-17.0809705263311,-17.6134260411082,-17.8666198788208,-17.1555820963553,-16.9051015355267,-17.8527463470388,-18.2305556165333,-29.0090883662253,-28.8929046192859,-29.1741076732297
-53.8233968956022,-53.0943657989649,-53.0331712191142,-53.791373588418,-54.2076110655405,-53.1321186516292,-52.8072306260597,-54.1835195228353,-54.9511398982965,-69.6757722898716,-70.167567036099,-71.1774277835994
-17.9516999862506,-17.6484203540558,-17.6211622980515,-17.9392977965045,-18.0939221222208,-17.6651132728871,-17.5184394348866,-18.0853624220068,-18.3413463686273,-20.0791634872627,-20.1712426199802,-20.3266128647553
-33.8507482188076,-33.2788668662236,-33.2274675229056,-33.8273619432583,-34.1189303809179,-33.3103439849827,-33.0337674399066,-34.1027897225404,-34.5854876359271,-37.8624145998535,-38.0360442583378,-38.3290192434705
50.2437263971432,51.4435047029538,51.5438912695653,50.2963355263883,49.6123665231612,51.3815115020964,51.9135015385874,49.6519650627111,48.3451809641141,37.5677873993482,36.4172098109774,34.907649146237
-1.85941271744579,-4.4467497669939,-4.65951840742385,-1.97431609037794,-0.468664385278261,-4.31502992689359,-5.43742121863962,-0.556535973907901,2.4482233722259,9.97453045536316,13.2464219731952,16.700636464037
-0.593930058387176,-1.42037231646548,-1.48833446916448,-0.630632274282639,-0.149699882710641,-1.37829861674969,-1.73681069918596,-0.177767657699862,0.782006833000676,3.18604546486934,4.23114680358228,5.33448539806367
-7.22764364478826,-9.49162602073613,-9.6823622458874,-7.32616844990019,-6.0503461777933,-9.37391570425009,-10.3859425032116,-6.12390888826828,-3.69377933176572,8.94598661175883,11.1372577201645,13.7303922278495
21.1418435500754,19.2592735292104,19.0988502412291,21.0608176327587,22.1034643715478,19.3581470077208,18.5049019496175,22.0437377426431,23.9967852135111,37.6746463654712,39.3466292922553,41.2579528394142
-15.6102865416834,-17.2665271080852,-17.41180040172,-15.6795847678114,-14.8027202074924,-17.177291405499,-17.9547210808695,-14.8520595374135,-13.2951038996316,-3.63507306375324,-2.58003772158273,-1.40861403457149
-58.18652468077,-59.5805693764276,-59.7082918569398,-58.2422367291276,-57.5574258400417,-59.5024987475898,-60.1920985806686,-57.5947317962768,-56.4966366427259,-51.4911414735651,-51.150821366029,-50.8365494295713
-37.4304293372034,-39.3062485226846,-39.4812172320592,-37.5041158425102,-36.6093949659384,-39.1995409625318,-40.1480728875539,-36.6574429770806,-35.327533893739,0.369391682157083,0.249660771195881,0.454625388711793
103.701553021517,105.284275599743,105.440661472929,103.758776363745,103.102076991748,105.189365772549,106.044538653807,103.1349272886,102.260903261074,80.5847494131388,80.6345577519228,82.1209881133358
19.717359068558,19.6361468995315,19.634977766224,19.7126857457985,19.7870003498992,19.6375287432799,19.641767267598,19.7818843607893,20.2887737815585,3.78261703091995,6.41377995208972,5.97309803376911
-68.6459384306182,-70.600995373538,-70.7876356523913,-68.7207003940522,-67.829711024756,-70.4874557299923,-71.503795767737,-67.8764926302547,-66.6596093964824,-29.24709275788,-29.8252788809614,-30.125212279754
142.841727559416,144.184635656216,144.324996607676,142.886510830624,142.40574748668,144.099922711929,144.874941690627,142.427569721057,141.974279481722,124.558873638394,125.26478735485,127.53886350594
120.043756361579,121.631042254066,121.793515070443,120.098810723408,119.488983017261,121.532851697797,122.427858010515,119.518010283835,118.907873506239,84.9717957415943,86.054272368234,87.950170521483
33.1427953026937,34.9392246977094,35.1156384099886,33.2087152288941,32.4451164713832,34.832160145923,35.796845565894,32.4837880522638,31.5053724742031,-6.13743540577989,-5.63070781698813,-4.42592458009436
-17.7591760920969,-18.395813890115,-18.4497086455305,-17.7866593297202,-17.4320865242679,-18.3625574656623,-18.6485827336111,-17.4524532116996,-16.7669624667822,-24.8050538166353,-24.0927305790224,-23.4715282159715
-47.802270234183,-46.5285140432148,-46.4068894303405,-47.7532777405733,-48.3385471012971,-46.6024553500262,-45.939413373067,-48.3077291472423,-49.0625433027406,-116.261195376455,-115.512233806923,-115.543789762919
-79.3574299156507,-80.9750514090665,-81.1327369345783,-79.4177374164204,-78.7121416184565,-80.8793386684177,-81.7413800529525,-78.74833975071,-77.8702940688492,-46.7569279646324,-47.5804755434268,-48.2195921203056
-62.5114722696804,-64.3490755803689,-64.5225503380346,-62.5818891143652,-61.7387705903073,-64.2432970543464,-65.1840280348957,-61.7832966619043,-60.4642563833055,-34.266955879834,-33.6243883831294,-34.2812427703082
50.8478063625909,52.8612194366928,53.0522162664709,50.9249413148798,50.0029832559216,52.7448831278021,53.7826326616516,50.0515674575429,48.6956793286979,7.1949356532093,7.11583949181391,7.6186735260797
187.442400905281,189.432110146114,189.621461584852,187.518335994334,186.613163291135,189.316815168248,190.346245079915,186.660705372546,185.344037008917,144.270099822968,144.249969189465,144.82289595311
65.1364717753868,65.4836304130773,65.5181825898849,65.1489382522789,65.0067456116134,65.4626820558937,65.6519608565849,65.013799682433,64.8362288254353,78.072375641459,78.1522694933639,78.4818794495224
60.1265808882734,59.0080188434073,58.9218306244184,60.0741426765374,60.7813741789106,59.0618158335855,58.6141338803077,60.7389168599973,62.2664957851981,62.7244039591968,64.747265446621,66.9394716386993
3.39116143543973,4.11856422142878,4.17856910261634,3.42333098614545,3.00261647387965,4.08142394655368,4.39807616270937,3.02712169644815,2.1840978957445,8.67010045780696,7.71349329656419,6.8000366230818
31.5285493100301,31.7667247408961,31.816818831445,31.5245561275299,31.6827846834334,31.7380241787314,32.0389272192401,31.6673203781453,32.5901806270583,-78.89217506018,-76.0264209988707,-72.6441999805098
1.1348635154787,1.46780806170718,1.50689759990457,1.14407871437356,1.063891103256,1.44449926780635,1.66482303042352,1.06618452376354,1.14265672926149,-19.5987201778006,-18.7768502406735,-17.8180789462252
-8.98823662638211,-8.63838512821201,-8.6046456961511,-8.97504506921156,-9.13076016929312,-8.65889153251832,-8.47487235355874,-9.12268104169738,-9.33006635196476,0.907198701945244,1.01584377110684,1.12962369915921
1.72838842655009,2.33804000129898,2.39521895204131,1.7521487111367,1.46506262791272,2.30318336739475,2.61339598023417,1.48038987283773,1.05563032436853,6.64203055194694,6.66508940107189,6.66654605325594
7.89265617885451,8.22032598900176,8.25835959924126,7.90193423392784,7.81876338184309,8.19762374956383,8.41162983530717,7.82135794907799,7.87948990818962,-8.6550365806157,-7.89112873084301,-7.00074607805123
45.0952328289237,46.2500450931181,46.3544697877525,45.1420980032493,44.5604520595727,46.1861300516547,46.748588031528,44.5924876016137,43.6355142291297,24.7521082090808,24.3959622838853,23.9254322673881
-2.35271833881694,-3.02065626374275,-3.07937331135886,-2.38062929955314,-2.02782556625238,-2.98460197321624,-3.29903644447558,-2.04765454935829,-1.42817589862934,19.7533061975699,20.1323874845243,20.6094316901084
-48.8508437625124,-49.060141042374,-49.0762443000464,-48.8606876331117,-48.7277739321722,-49.0500909775437,-49.1337548960117,-48.7357615983257,-48.4515956462935,-43.3425939104621,-42.987532147826,-42.5583596214626
35.8622816473292,34.5674577745586,34.4733253325091,35.7987559458865,36.6745202503251,34.626648978385,34.1446113744366,36.6208604679238,38.5942566953146,25.8135821547527,28.5753249046021,31.8993969747608
-48.1475995377404,-48.1572454269274,-48.1557977419517,-48.149100623901,-48.1216424651012,-48.1579722456588,-48.14764946698,-48.1237031073427,-48.0247037246814,-49.2469974569488,-49.0052457839106,-48.7186651594349
-39.1699827550657,-40.0027378599333,-40.0659404380912,-39.20956548439,-38.6722580861801,-39.9632229075136,-40.2904776504746,-38.7047114089338,-37.5399667365296,-58.5233469664633,-57.0211495593067,-55.2076392388832
-28.4947379605899,-28.8017180448942,-28.81480682578,-28.5142127780044,-28.2166850329582,-28.7926997103314,-28.8472311550597,-28.2365393968026,-27.4066705029656,-41.8325345441231,-40.2279473141364,-38.3155179018176
-89.7635434124762,-90.2847298285538,-90.327076686076,-89.78698161755,-89.4778925751575,-90.2584823901418,-90.4813684841155,-89.4960465786639,-88.8765681570355,-115.390956829211,-114.738059176018,-113.943106646975
-139.252924394659,-139.252924394659,-139.252924394659,-139.252924394659,-139.252924394659,-139.252924394659,-139.252924394659,-139.252924394659,-139.252924394659,-139.252924394659,-139.252924394659,-139.252924394659
23.0097975192702,22.6833489971362,22.6614972532857,22.9928819681521,23.2319995292581,22.697250138349,22.5878970728946,23.2170173060641,23.7883242702731,6.95730799245196,7.84716842934943,8.91437029419473
-27.8434339050271,-27.0233260602303,-26.9012566188323,-27.8246810488795,-27.9265940915501,-27.0934392272217,-26.3610504709135,-27.9290146007021,-27.159938912785,-14.7625872240322,-11.6706015839863,-6.0625199636128
28.3332954719043,29.3943669811697,29.4650270875266,28.3813388900104,27.7205988201404,29.3482958820454,29.6845908531014,27.7610324675277,26.1097385182588,19.5383121961827,17.9140846261775,14.1298777362602
41.1342338254855,39.130720209987,38.9949191486405,41.0310561437125,42.4852720403457,39.2169277080296,38.53439515544,42.394388838774,45.8496021350932,79.5636701818072,84.9331649162105,91.2609701012337
40.1299783204056,39.3183797133574,39.2657433733179,40.08728560769,40.6950878341435,39.3520479993427,39.0915799553257,40.656772596223,42.1281958405055,58.3883711275003,60.6925425990125,63.5676984015646
1.39883979897633,0.771818866270735,0.728157188248701,1.36698770381543,1.81294793110709,0.799411244733506,0.577973426022993,1.7852383057658,2.8314964298545,12.1098848876649,13.7272217869246,15.5550967887166
-83.1526767863636,-83.8854842307029,-83.9349618904009,-83.1903673434255,-82.6602523574508,-83.8540374695953,-84.1020230989074,-82.6933021754002,-81.4473447751141,-69.7578985059522,-68.0427111029161,-65.9994977380364
32.3927299107957,31.2705979478374,31.1954849099204,32.3345845087069,33.1565256112969,31.3183816375122,30.9424921429243,33.1050258176627,35.068832548993,54.9890671031537,58.0478674073707,61.7162599479262
61.5986804060469,61.112606841753,61.0815631120126,61.5781064971541,61.8565130096982,61.133310374249,60.9930835054838,61.8397453578488,62.9503627445075,71.0396772014819,31.1266403002884,74.4349178571937
-21.5961744445291,-22.0272416254549,-22.0581213628384,-21.6227719254181,-21.2377162187307,-22.0085881534063,-22.1787262060511,-21.2623118675642,-20.8135587709666,-14.2730171240668,-31.1266403002884,-12.9644539254967
