27.710998870567,28.0007302208423,29.3411540349181,27.0824723818608,28.3903132225372,28.2808841373441,31.8658262992658,34.1274655008618,35.1622166514087,32.8330324658491,31.9239389402081,30.293702269734
12.8640844178076,13.6040780879215,17.3339392516326,8.76500531959401,14.7011883387551,14.4025718805098,24.6874696024538,31.0725145818477,33.9310290792659,27.3955779889337,24.8534288038075,20.1897543986393
-124.516568489972,-122.377381237141,-111.266178034981,-101.574666097738,-119.198033229814,-120.07346326146,-89.4367995615658,-70.4163293531309,-61.9115417440881,-81.3786066982637,-88.9421334484641,-102.840953970269
-85.8647135636753,-84.3081254453161,-76.4475783793879,-94.6070766244461,-81.9954292361458,-82.6244930926662,-60.9357897998508,-47.475487908639,-41.4521893715801,-55.2278099941592,-60.5858490456178,-70.4199944363079
85.2250613795449,83.9084109212442,77.0986153147935,94.1939104395932,81.892276243364,82.4348819609914,63.6297611010211,52.2800745652789,47.3403744252275,58.7982183931219,63.3305212544833,71.7935403497035
124.637444278275,123.546261286482,117.788271035352,132.521860743849,121.848709124392,122.304698980203,106.056797845718,95.7785677123155,91.1172688568701,101.743464604635,105.791424860904,113.205597800136
-105.979473642453,-105.979473642453,-105.979473642453,-105.979473642453,-105.979473642453,-105.979473642453,-105.979473642453,-105.979473642453,-105.979473642453,-105.979473642453,-105.979473642453,-105.979473642453
397.574660836599,391.53507949145,360.045169363808,400,382.441650281846,384.927009072278,297.908983447545,244.262829323657,220.442279250455,275.168948874468,296.508782757351,335.91021757229
-105.979473642453,-105.979473642453,-105.979473642453,-105.979473642453,-105.979473642453,-105.979473642453,-105.979473642453,-105.979473642453,-105.979473642453,-105.979473642453,-105.979473642453,-105.979473642453
86.63658474364,85.8665078266295,81.4966961913338,96.8868403910842,84.6638497684906,84.9967472211035,72.801260306438,65.2773201893968,61.9489730214231,69.629722659192,72.6045174924483,78.1350275082721
101.968317403408,100.941161887749,95.2327976346468,109.624346838219,99.3559115725232,99.7941707571608,83.906632985106,74.0909374966054,69.7381737095561,79.7643137889231,83.6502790087857,90.8557288160098
85.4877797651575,84.1435291198604,77.8120150619984,97.5216570212572,81.8997732714827,82.4472128444572,64.1982125727004,53.1253232638711,48.2836448011437,59.5226134582689,63.9068115853728,72.1229769536523
-46.533781532825,-45.3301489404978,-39.4897473197224,-51.3581511177614,-43.6210963880658,-44.0926739319036,-28.1979756254437,-18.2622338662079,-13.7721327524573,-23.968855386203,-27.9409948100582,-35.1572015555507
-4.02243334104639,-3.57423210375241,-1.4771635692238,-5.1859958966062,-2.9637352008538,-3.1344839788638,2.49782523515797,6.04315986942092,7.66041520602183,4.01228715510897,2.58906774091107,0.0288228401386981
42.211399259587,42.1348231466986,41.3726773342325,45.4376195521496,41.9021370128858,41.9560721384704,39.3743776871494,37.6158834793864,36.7906904090871,38.682399034754,39.3297867830466,40.542454129901
29.5617461005788,30.014179473409,30.725710650258,31.277271569703,30.7772444897606,30.6421758454574,33.003604635731,34.3397025818281,34.9235352045496,33.5969722911437,33.0389304054721,32.024623627376
-21.8160122442669,-20.5504711883471,-16.1520640304371,-23.5266016993661,-18.569695218646,-19.0194397543295,-6.42306152035373,1.24473268967877,4.66539596187427,-3.13569954727515,-6.22318941030748,-11.8659963700182
-84.9671575511137,-83.1049535960361,-75.4518229982169,-89.72407778248,-80.3064943037956,-81.0002078212115,-59.6499306863983,-46.4758752749847,-40.5618707416118,-54.0247824732454,-59.3078338026958,-68.9389756639726
-96.0932209398323,-93.9133794722981,-85.0130290281723,-102.001486132124,-90.6125576400458,-91.4246088119047,-66.513097834973,-51.1678492082399,-44.2903267610476,-59.9623970654783,-66.1142706897611,-77.3454875386923
-6.99452235017324,-6.36289984765988,-1.74320812987234,-3.68641634771936,-6.09854598481165,-6.34860491824947,3.94922259745356,10.5033867139763,13.530348264344,6.83879902942663,4.11640369752856,-0.604624178738344
-43.5553787536596,-45.7917238459316,-36.5556951463689,-20.7819493646738,-53.8591854639486,-53.2862249454162,-45.5590013817881,-38.8069685427714,-35.1156472846297,-42.2347759507621,-45.4071937812337,-49.6485763797555
-119.936685377387,-117.914823958282,-106.449705204389,-123.011352580488,-115.643275188276,-116.444239249779,-87.4206443771266,-69.1925317696348,-60.9092451720397,-79.569000188024,-86.9509423232979,-100.16942334644
-49.7516767401711,-48.6986659370315,-52.8015630096892,-57.8986963858714,-45.6364007173962,-45.8363955822112,-51.0313617212639,-54.9684064085788,-56.9229471909305,-52.815967675194,-51.1265355518431,-48.4744269883075
50.1696482783467,52.1597875507874,52.671237324199,37.7201462228744,56.5750572565477,56.0037097607334,63.4313579725478,67.3634567464594,68.9520852617513,64.9915691621391,63.5401066440219,60.4642750920478
110.335326424356,107.171623844693,111.387439078776,136.229375305247,96.119405912461,97.1985202332732,85.5037128616173,80.8085966407049,79.8227096097437,84.3220818300434,85.3439611774893,89.8217716286224
-49.3011692078952,-47.9417115643016,-42.3165180152947,-50.0622372064732,-47.4399573161234,-47.7757135992944,-36.5696999812527,-29.2068688160379,-25.6300714740094,-33.2178100749275,-36.3872374633937,-41.5409286463677
39.8341428891817,37.5382604963234,46.0271540468973,61.7439129749187,27.7389813492848,28.4742075905422,28.4684694370057,31.0605094302318,33.3557454709601,30.3842790802227,28.4975585251117,27.6710566819512
-56.012099578379,-57.1281818619073,-42.8300454040721,-39.5189499280733,-65.2240928017619,-64.9563818361635,-49.0708497113642,-36.5719328917255,-29.8160154591995,-42.9440745912802,-48.785031905587,-56.8227375440554
-161.378443517686,-161.197539911116,-140.513146982135,-150.839929929211,-167.420892514277,-167.667133625085,-134.311902045492,-110.922089931659,-99.2624258562652,-123.555899682594,-133.743855477597,-149.709030777382
-301.940301478019,-302.470436060953,-208.292097406829,-242.594445072904,-337.002556406136,-337.465053286953,-200.139433790015,-101.063565269033,-50.4285358559002,-153.670362220265,-197.774242283954,-264.283184278936
-70.5588675442205,-68.2034255207625,-99.869866052426,-106.781101098415,-49.274448705373,-49.9444149752742,-81.3720893948772,-107.170558454541,-121.598411763611,-94.3641489803748,-81.9464884265497,-65.777362471525
39.3096771094893,35.0860875015908,54.2344292970579,81.9590398935266,14.4345071348092,15.882950801281,16.5902951066959,22.8676643355662,28.3556447181336,21.168679781948,16.6639962630121,14.5625345960911
137.286791402048,135.418643817608,122.900545081412,143.713920631891,133.696040266216,134.474517662787,103.754187548599,84.2330877178045,75.2932147913031,95.3405126383536,103.253489673243,117.321153961346
91.4107989366782,90.9382261682649,83.0176530173828,90.1935671404247,92.1532416239187,92.3837150564785,77.488536712004,67.4503185371383,62.5986088467211,72.9802607654535,77.2395842761241,84.2365975565857
-13.8140344276867,-12.991363202059,-14.5342568409186,-20.9779050075023,-9.90630431909216,-10.1890927078622,-7.63803399664948,-6.79998371922395,-6.75453266489647,-7.52329990964116,-7.60513671321505,-8.5249462333401
228.415313771644,222.689569223892,200.529112250555,254.984361324028,208.725832128008,211.250940719073,131.288237267612,83.9512686999058,64.0604660190309,112.100779964808,130.016102165839,165.7434683156
-230.2805413662,-222.843045278847,-184.469912953749,-239.123894479364,-211.731338981969,-214.770644573118,-108.923462366052,-43.5389052234489,-14.4330087355842,-81.1939633299089,-107.219070435036,-155.16487477052
156.029657510005,160.253247117903,141.104905322436,113.380294725967,180.904827484685,179.456383818213,178.749039512798,172.471670283928,166.983689901361,174.170654837546,178.675338356481,180.776800023403
35.5505372876646,32.2523569714125,34.8444764804527,62.0248471046944,21.0264795993188,22.1943049450868,6.23687571570022,-1.13958660073972,-3.31998493414942,3.92818910357282,6.0073449285543,12.4409075166141
-86.0772872737048,-84.3651060222967,-81.5281222841854,-97.325017606593,-79.9957930645053,-80.6310644896942,-66.0987861437479,-57.7914483221214,-54.3828675406157,-62.8091955871847,-65.8723283016494,-72.2290232934282
123.136202357285,122.574826374563,86.0800651038836,105.57876706711,133.518267952437,133.975322321988,76.0204090514333,35.2270940615284,14.7743792316325,57.1649634828078,75.0333338736094,102.788264639624
-62.9363971268706,-63.3678700275785,-52.2539707906534,-53.0104020082021,-68.5575561742833,-68.482502311225,-54.3568093079738,-43.7312843358876,-38.1379782232168,-49.2551481429971,-54.1086532360944,-61.0885093939132
-33.5819001748511,-32.9018201274439,-28.0552060609044,-35.8893924806263,-32.5277135370512,-32.8005101627422,-21.6822815258434,-14.4988698853592,-11.1448363508121,-18.5463755238928,-21.500084066059,-26.6181746361433
-41.6398841737538,-35.8193893981379,-29.6879107261176,-78.4566225306588,-20.8527466044953,-22.9529743214396,16.5191285383182,38.4940567141754,47.4261615155805,25.2367344522755,17.1219655393008,0.144131344856188
-85.8064929831564,-78.1453423273861,-70.5725854440105,-130.181050445305,-60.5188593906291,-62.9599324673662,-17.17052807865,8.45811700004056,18.949316170628,-6.97986328479172,-16.4697886929858,-36.1930465061224
-60.7920862884673,10.90958335073,-31.7795404994129,-33.9588002300658,-30.1095411831271,-30.4812409373156,-26.1765282530114,-23.9523290529974,-22.970323241055,-25.1785128601306,-26.1168707974676,-27.862860880257
-18.0253151161072,-10.90958335073,-42.7075197283204,33.9588002300651,-46.9229717450119,-46.8408305609725,-41.2643555894262,-37.2652955094647,-35.4184426571313,-39.6253382856462,-41.1635308307956,-43.9135400352129
-127.905565450109,-121.285922697904,-111.214031637348,-168.387263408369,-105.164866640844,-107.582016343012,-57.2949491510001,-28.5086608950163,-16.4803690136065,-45.691109764846,-56.5164642944453,-78.4151717302958
2.60659812046106,6.18484958865303,52.6695240688135,-58.8789468155888,49.0579933880877,49.1996541147956,51.6754220159125,52.6044019019704,52.7964596096119,52.1148734766388,51.7076472634084,50.6594174645034
-21.9066012233837,-51.8861780566839,-41.1562949318419,48.529399906716,-75.5532077508987,-74.3116905365101,-42.4400611263099,-21.0610063305339,-11.8142750492623,-33.6042417499328,-41.8798354784066,-57.5137628428479
97.3338023721612,114.720632615164,78.4743283505967,-77.1723827675643,157.906595794519,153.434798526023,117.482583369117,89.3921251061201,77.0569268961712,105.674225087192,116.762916910891,136.708288758634
-24.105560761852,-23.636406167233,-47.8799206014156,-81.9013540645065,-23.9752185171525,-26.7288111894898,-2.13843367089908,10.064431681128,15.0762278696975,2.64153732349288,-1.79990231974738,-11.3693004970562
-46.3981186553881,-45.7246453229281,-68.7235973455216,-81.1700919746449,-45.7592318250864,-48.5709277249846,-21.3783488267199,-7.50726931002017,-1.73238769352557,-15.8880020367258,-20.9970113730089,-31.7648853526667
-302.666197627839,-285.279367384835,-243.894119881858,-380.727961077425,-239.552343625293,-246.565201473978,-61.4626601208656,44.9814963605736,88.4902151467456,-19.1240884571712,-58.5598342443935,-140.131543062717
-86.6065205512213,-85.5583695954583,-106.946987938803,-81.9013540645066,-85.0607898148157,-88.0439978795289,-55.6179939466718,-38.4801818559168,-31.2251452347144,-48.7468974952098,-55.1522027235086,-68.2868576290918
-5.91992785679882,-5.02356426865149,-26.991585135063,8.0940983555255,-4.73877979783083,-7.64545125155791,22.6102964787588,38.4021660185281,45.0487941402487,28.9135532846335,23.0412274282147,10.8837452572876
-55.9037440454117,-54.5411214662036,-74.3110648005535,-43.9586907149,-53.5866638301659,-56.6880005451617,-20.0529834122723,-0.255876855447612,8.20934671490248,-12.0540402111491,-19.5186768182853,-34.5726097081722
-73.6450716569203,-72.1213159143106,-90.9958123142498,-62.5083184499318,-70.9302289241926,-74.0857083245461,-35.3393881700843,-14.2000811085128,-5.12270982076268,-26.7702178044587,-34.77056024815,-50.7913034861142
-79.5086887738184,-43.8319511691078,-85.5142043105581,-35.8968549835259,-43.0796925779892,-47.5441191337733,-14.2561186190026,2.82329144085973,10.1299323858236,-7.51059563405483,-13.7930252692637,-26.7741831615266
-5.3416833139792,29.6479860213336,-15.4220405986364,41.4211031465061,29.407736658606,25.2157840954998,49.2056082461532,60.4289446881264,65.0736357050333,53.469689126621,49.5176881769927,40.7672559587477
-79.5086887738183,-111.660028886063,-150.215086066622,-107.267744419211,-109.991603117859,-114.707545772565,-72.836557122996,-50.3515053103253,-40.5876637538402,-63.8004572221131,-72.2340658599621,-89.1205345185183
-59.1601722250022,-117.410812119231,-103.202483008957,-102.95402456805,-112.660015404514,-119.219011040456,-91.758242777842,-78.4680307349868,-72.4867211167922,-86.4045334775083,-91.4049554768228,-101.296044594599
23.3503801107096,-19.45504974026,46.3347925028827,10.8694315726193,-9.58604534245504,-21.2994511955336,10.8417565606621,24.7197638053158,31.2427291748425,16.4532697870705,11.2067929681786,1.00090962874098
31.9485813250726,17.031393446132,21.9203028279291,-1.78587638171201,12.6759428590068,17.6209527679899,20.0862998383881,23.9989841432897,25.5030764273792,21.7355210057412,20.1906067860561,17.2540255236004
20.3487520251255,50.6728051139961,-10.1536979292334,-85.8813442106582,14.6599671359797,57.2101857816812,8.19535074715221,-0.69786282369062,-6.22809674877498,4.94036225927372,7.96453507839434,14.3336252344687
-40.6400463803729,-39.9605398569756,-62.9256835939991,-25.4920030576707,-39.9762439263087,-42.8075700991976,-14.4974384939907,0.85393024912781,7.48288269162218,-8.4533432948992,-14.0853063278562,-25.5604577143921
-40.6400463803729,-39.9605398569756,-62.9256835939991,-25.4920030576707,-39.9762439263087,-42.8075700991976,-14.4974384939907,0.85393024912781,7.48288269162218,-8.4533432948992,-14.0853063278562,-25.5604577143921
-20.3485165488163,-81.8529415094408,-47.0126030576645,-96.4931824455435,-83.7520317276618,-82.2338257395885,-56.7382000848079,-40.561674144461,-33.6055313173681,-50.0974023407934,-56.3089559854777,-68.3482610055016
-35.6631008872919,-49.9539476971723,21.9203028279292,-72.270011233662,-53.4046141157492,-48.7079953193619,-37.7663002882031,-28.5151371542037,-24.5843739874875,-33.8549617014362,-37.5243273902234,-44.3176975040809
68.6496154364725,66.1612781038813,-46.3558879017071,-25.4177382824869,60.5342197448715,65.7053539076351,55.4087041373931,50.2677498243422,47.5810795437063,53.2606265782283,55.2808553543802,58.8094363685576
79.6265046679117,76.6438553768879,-56.1796429440475,-85.7610466657713,69.8757649743895,76.1219945114816,64.0497293897911,58.0748587891029,54.9361064935032,61.5544798513731,63.9013491525102,67.9943588872475
40.3599572589208,39.2775187996465,-17.7284890152194,-27.0220315095036,36.9433727071997,38.9589827639452,33.177890841919,30.0501157616297,28.4965894836557,31.8637022316335,33.0989893517461,35.2900242254065
-26.601632137358,-27.0637518570879,-17.7284890152193,-27.0220315095036,-28.5018133676384,-26.7322061190923,-24.1184509798418,-21.9590772175398,-21.1092652864156,-23.1922726468941,-24.0610101910328,-25.6896807736657
-86.907094414737,-86.8105564221155,-17.7284890152195,-27.0220315095037,-87.4416061003886,-85.8935484477191,-75.7194122401198,-68.7984436895746,-65.7841905763452,-72.7755642938795,-75.5391818903685,-80.6078709280888
-5.77867040390141,-7.63351218020449,-47.7526984473168,-72.8475738475182,-12.3967900110089,-7.3710282923888,-8.49640872177346,-7.82185741974022,-7.87263001174456,-8.17995152512916,-8.4742212771012,-9.14928189520539
-5.73895445610828,-7.58104817896599,-47.424501207129,-72.3469032368824,-12.3115887050913,-7.32036830412496,-8.43801416011181,-7.76809894950146,-7.81852258898343,-8.1237319270183,-8.41597920646822,-9.08640023269538
-14.5567146536829,-14.7041572803416,-14.628403431454,-25.4872524079362,-15.5382063970453,-14.2078703899074,-9.36725886845053,-6.12713545411392,-4.8107345741248,-7.96544129434267,-9.2802215654201,-11.7774178344574
-8.38303417948723,-9.86956160012227,-39.2775569704199,-62.1820528909964,-14.0388612656729,-9.29182978335774,-6.38246824546087,-3.37694942418736,-2.39574616323281,-5.06410001459869,-6.29874077447852,-8.72910310457371
62.8544205033961,62.6046096979458,43.6508247375023,80.007294048481,63.8728521313862,60.6463219957213,39.8220284937281,26.5522258016464,21.0092422868705,34.0923539318286,39.4674629323795,49.6225500826135
86.729225597774,87.7781644977531,46.355887901707,85.582712611443,91.3259325493041,86.7256275973433,77.5427276914038,70.4152895283483,67.5252118717,74.4922186837095,77.3542054700366,82.6889356801294
10.9365551401539,8.98286002769251,-46.3558879017072,-85.5827126114431,4.12812179984841,9.08723030684908,6.0259571009027,5.44190686822383,4.82663310348102,5.80881388255103,6.0156194199823,6.25206096583537
98.3434853562103,98.9689044328182,38.4511539288281,58.7390151562682,101.56134184635,97.8362727091458,86.8755379183273,78.8572293761405,75.5034530092409,83.4525120670988,86.6648252057169,92.6125713224867
-43.9352458586314,-45.0646919580483,-38.4511539288283,-58.7390151562676,-48.3852241641543,-44.4602705883299,-40.3205932660315,-36.5982469774387,-35.1972528257346,-38.7179307351616,-40.2206626216991,-43.0647869285637
-23.918343706886,-25.4008590994373,44.8037874212193,19.2563123940401,-29.8233407217047,-24.527575791911,-17.7975995469077,-11.6532898214257,-9.16298744996107,-15.195482602269,-17.6375506493568,-22.1039236901257
-21.5315467552783,-22.8293333793617,42.4247375488171,19.9574144902885,-26.7108402486044,-22.05353049663,-16.0160836827163,-10.5173286416411,-8.27965596182145,-13.689091655621,-15.8730573286902,-19.860823774889
-22.6126286007316,-23.9755760594971,44.5548498943644,20.9594604061188,-28.0519703029276,-23.1608207307704,-16.8202385119739,-11.0453953516817,-8.69537090551127,-14.3764100651082,-16.6700309184152,-20.8580199476868
-20.6455814919999,-22.1725350870288,52.3991500384123,28.8110341853312,-26.5984283374225,-21.4072135890581,-15.8420962655536,-10.3749345664831,-8.16012088918185,-13.536457188092,-15.7005500427354,-19.6282032495351
-12.9288387638008,-14.4515093559719,30.5897003563655,23.1191575656874,-24.9888631764505,-14.122842014597,-13.6897774793998,-12.539686372716,-12.1178088403142,-13.230801533375,-13.6620840409785,-14.3682402483669
-17.9133744971519,-19.376152559951,28.6153379474552,26.1749519123802,-25.9858698334857,-18.9966067194681,-17.7413654446252,-15.8357188628906,-15.0859253041894,-16.9626137336945,-17.6941334115269,-18.9460737960901
-60.1721891719752,-60.0706686945724,-10.6078414484983,42.515921469063,-20.3329862546315,-59.3836233928634,-50.0879320133926,-41.2669115103526,-37.4671491691004,-46.3648768677636,-49.8605796879374,-56.1863876592831
-11.796329827831,-12.8735891361184,-14.5984136465454,-19.3967639033762,-4.65587692181932,-12.6587934249129,-14.1197278870839,-17.1290060317141,-18.3878802160644,-15.4084873678409,-14.199174505767,-11.947336898679
4.00400134256227,2.36025736277892,-17.9724772876725,-44.2054094364828,0.353739870304715,2.43405863473516,-3.08323543310127,-10.7402641752499,-13.9828076153817,-6.34282722396442,-3.28340063793551,2.34762322830928
49.9592076054746,53.6741479023918,-126.991622314061,-156.162591546866,54.7954588565608,52.2169910202591,41.4827082062214,27.9672183418894,22.3908570094311,35.8444202411649,41.1388838242276,50.5415097847729
-49.959207605475,-53.674147902392,126.991622314061,156.162591546866,-54.7954588565606,-52.2169910202596,-41.4827082062214,-27.9672183418896,-22.3908570094316,-35.8444202411651,-41.1388838242281,-50.5415097847731
6.19237724695729,5.90989085257281,-111.87716155136,-188.793470582656,-29.2245918063079,4.9171009823354,-11.1511257398138,-29.5348215667381,-37.3269209068226,-18.9125243872368,-11.625875303201,1.58289691895206
-400,-400,-322.368448232455,-303.555578309861,-397.458939419811,-400,-178.945243489982,-44.4106287455471,11.4332882505747,-124.798313544363,-175.322751155284,-276.839831821351
-56.151584852433,-59.5840387549654,238.868783865421,344.956062129521,-25.570867050253,-57.1340920025948,-30.3315824664077,1.56760322484786,14.9360638973906,-16.9318958539289,-29.5130085210264,-52.1244067037253
-91.4975484031655,-105.756041733515,30.5121548930527,-39.8267256600903,-107.528059094896,-100.119637501944,-74.1876781012984,-56.088229680353,-49.4205350431883,-66.5126484578182,-73.7115033018938,-86.991791795741
-91.4975484031655,-105.756041733515,30.5121548930527,-39.8267256600903,-107.528059094896,-100.119637501944,-74.1876781012984,-56.088229680353,-49.4205350431883,-66.5126484578182,-73.7115033018938,-86.991791795741
5.88230726861467,5.17981185056071,12.4520774502693,49.1434905035405,20.2931906685638,6.01548634133511,11.4483419640712,11.7307321337448,12.0328361796698,11.5536702837815,11.4533441983997,11.3379217424801
52.3768177732229,51.2450893753584,26.2877674807104,49.0310340035323,43.6239070640363,51.6273392205738,51.2171468210521,47.8267174114015,46.4588987958843,49.7661939711358,51.1274414875121,53.6652481292621
95.1622394030062,91.7297855004739,-234.95831320209,-183.560791380038,128.284017785376,94.1797322528444,86.7597996556967,38.3426459042585,19.1062157256871,66.2610277282173,85.4969265022648,120.707615798933
47.7413270434392,47.9455810196522,3.55779222743244,-49.0310340035323,6.70031094330383,46.5913563191732,34.4499273881337,29.935234797809,27.7096834674922,32.5511780567343,34.3357794954462,37.5090353819015
-400,-400,302.772473090496,376.275099455137,-400,-400,-144.722801356647,70.1281528304829,158.576960677717,-56.6774128710694,-139.018861923136,-298.358030068571
-70.1909098588815,-70.1278548542561,56.4884904321162,20.4486849932519,-95.7810418624802,-78.5096369772149,-59.9815083485955,-31.4311558582328,-16.7509815373605,-48.6661677704088,-59.2366269927328,-79.9867393860375
-64.1075054332334,-69.9029888831392,50.3923109957376,34.0994713095417,-84.9513005413448,-78.3506597642759,-53.0094828423977,-26.8146872559766,-13.1610080996306,-42.6797347155067,-52.3262914227803,-71.346196847517
-77.1807888414427,-97.0139104910594,15.9069031152827,67.5709675785281,-196.687589226469,-188.653598494278,-145.691710727919,-96.2288473346399,-46.2110504877764,-130.555941446911,-144.459121388084,-178.407679228377
10.7130662847864,-0.0752325225629846,19.9932970599992,25.2703976176895,-88.5988487529924,-62.8503775902399,-109.38589417845,-100.790124380384,-76.905674368883,-93.5323337411034,-109.7035683788,-100.921132614508
-102.808615182559,-103.743530835396,-59.8237790649565,-69.9496188633143,-118.869249396578,-112.283045475545,-58.5896760214201,-15.9527973818365,7.65803991552052,-39.9174091949019,-57.5298224020899,-87.1760037105973
-23.6846449163913,-23.7171418892087,-72.4069798096801,-52.1070058505398,-75.4864143407506,-16.1914565524352,-140.319086644124,-133.859340828615,-161.218283058138,-105.143147144554,-141.455120377471,-109.674710425119
-133.957804138823,-135.332414837135,-93.5806968415643,-99.0823294879225,-157.277237564119,-144.332721191005,-102.003750000342,-57.7005612375211,-35.7932609055577,-79.5055495854406,-101.027655639025,-128.327274331468
93.8378912830313,94.4848231541896,49.1450904862591,62.2996127239731,115.378473740117,102.722536485341,50.5458014367426,0.040403997152394,-24.6861861897896,25.4194882699304,49.4097677033958,81.1901776557483
-117.522536199422,-118.201965043399,-121.552070295939,-114.406618574513,-190.864888080867,-118.913993037776,-190.864888080867,-133.899744825767,-136.532096868348,-130.562635414485,-190.864888080867,-190.864888080867
-20.4569006788089,-26.0620799350642,22.8654987467788,15.2819110612733,-31.5500930370415,-43.4538923751161,8.83638122718091,25.1186329527378,37.916735958771,6.88741651677294,9.57772146008056,-11.1279138796244
-3.16299196180534,-10.5920830556773,46.7445301157297,43.2787631945249,-0.874073026489786,-15.1895536984097,39.8211222616036,54.5662705845639,66.707838952565,35.1720984458319,40.5906646044052,19.2110462256943
7.49653730781406,-12.3199855837377,74.8371104339162,76.3249680973325,-93.2401482652878,-82.9813526675101,-67.8461501785002,-41.8565708515183,-2.9607815781679,-56.7159057726053,-67.2874547121841,-82.8543141329474
55.6765047584204,48.1411198167118,87.8293906925878,100.505142291171,99.7742121198405,88.8478544273912,109.500615825864,107.651453516657,108.113820811977,99.7059279727395,109.757417735282,102.979815864463
-36.6322804197875,11.9273396197795,37.1744324288469,28.6257124896671,75.7258501076423,69.0759605671415,109.374912844038,121.910212175175,75.4205414710511,107.904304260837,110.07839739052,90.67243929529
-69.5849123857045,-64.5456407816998,188.061192389674,180.627653506754,-35.4770392715599,-39.5782696375653,78.6532377784921,148.275900123506,163.847311162736,88.450290921336,81.0728786278416,14.1387266259776
-39.7331350800874,-25.0929038405987,49.344937260727,44.6810750190476,38.9800756475116,30.6469224214214,81.1466099920197,100.462068816205,84.5912645321304,79.30375131222,82.0281651640744,57.7100435890111
83.5329284338727,-3.90932211400354,120.620161231384,125.251304681285,20.1459483418787,17.1916914413003,60.7019294056364,127.380781493303,115.112101284971,74.3072878441161,65.806879960607,26.447445341806
5.0376522719553,-3.90932211400354,44.2395102632432,45.1171600776231,20.1459483418787,17.1916914413,60.7019294056364,57.4219548078633,46.5029113423748,74.3072878441161,65.8068799606063,26.4474453418057
-106.326603439248,-8.64081094064275,-16.5140197883551,-20.1909199510919,44.5287765412251,37.9989551032446,71.2795174770067,22.2329627836962,0.118114034880712,63.5631284426422,70.4131767427185,58.457033827661
-49.1127644457478,-3.99123172020159,-7.62790437843073,-9.32628207264719,20.5680539261849,17.551898309594,32.9243485489031,10.2695113810406,0.054557435159186,29.3601117092205,32.5241816383033,27.0015822918244
-89.7097627105007,-3.90932211400354,-47.9554546793683,-51.6084446245725,20.145948341879,17.1916914413001,17.3753635725483,-27.0215723411869,-36.3115420738051,4.94749342052101,14.1100268390841,26.4474453418056
-271.101118856272,-187.870887544686,342.066790489919,357.728825804059,-150.158635887724,-158.425534278608,116.084111335526,232.231547293395,272.937962706515,136.868479207358,120.555461429202,-34.8359546133842
-271.101118856271,-187.870887544685,342.066790489919,357.728825804059,-150.158635887723,-158.425534278606,116.084111335526,232.231547293394,272.937962706515,136.868479207358,120.555461429201,-34.8359546133846
-79.7033462238555,49.2239479298021,163.800838464971,159.58623800779,101.472160151793,95.6831770564364,186.815957938907,173.320681369901,166.79511835745,184.593059534477,186.588069622221,144.097149178784
4.68399052744601,74.1275863311282,110.942874773917,102.061845052562,73.8771421464172,100.662422026276,120.924734073149,122.311834780607,122.538281292125,122.285025981189,120.996619998468,119.468878894408
-5.80118847294031,24.1025678089022,40.1121115700385,35.9185768816671,24.0461660918081,35.5526320640328,44.7463504448931,45.6414106186581,45.8731908725816,45.4582831171866,44.7850034133675,43.9106634486606
-52.382361874439,-12.556627015741,9.65684380928645,1.96314348481936,-12.3379003849872,2.82762277435555,17.7470722195771,20.6397989924889,21.7154009094705,19.4158546473422,17.8425170228516,15.4416592407104
-108.998949750216,-78.6258931217591,-60.3055513801979,-69.4338051891855,-78.0047298143024,-66.6842318540984,-51.1692912672148,-46.3334781712093,-44.3273301182393,-48.7823226780341,-51.0285168671211,-54.7713261715765
15.3004849447007,15.0901410106273,14.0544240298958,16.266202139301,14.7864512863754,14.8698035437144,12.0365843557044,10.2703093489726,9.47502439758212,11.2858206986687,11.9908127643666,13.2764822296559
-30.9535254161171,-30.9535254161171,-30.9535254161171,-30.9535254161171,-30.9535254161171,-30.9535254161171,-30.9535254161171,-30.9535254161171,-30.9535254161171,-30.9535254161171,-30.9535254161171,-30.9535254161171
-48.6367596606217,-14.3997352148224,1.81613311860416,2.24997078383788,-15.1829438561549,-1.61894790928612,3.06977176034127,1.02679261186573,0.0467949622629638,2.52954180670815,3.02876764947126,4.55654484550405
-81.6901258655388,-47.263463829705,-30.2899789083207,-31.4334996176072,-47.8309287659499,-34.3107145482688,-27.5953847519687,-28.3806831699475,-28.7944656003622,-27.6006521212823,-27.6037832805034,-26.9914233378875
-128.812391704421,-94.2107619470095,-76.1996057477123,-79.5996131151337,-94.4675618424371,-81.0480467711141,-71.4482904725476,-70.4296493653262,-70.0311184692905,-70.6871640627257,-71.4099551653533,-72.1107276923587
-26.1220214362831,-23.1444012095025,-21.3739744479293,-22.2345434908608,-23.0894790216816,-21.976656907906,-20.5876191844521,-20.2681388602174,-20.1563581302012,-20.4130253897761,-20.5771608899284,-20.8645203115453
-49.2571718156594,-43.6424014782996,-40.3039839138486,-41.9267219286041,-43.5388370719773,-41.4404362957505,-38.8211876296589,-38.2187573291963,-38.0079772164276,-38.49196362365,-38.8014668736866,-39.3433281702158
10.6439081067659,19.5488791014808,26.1968448726579,20.4267372860268,20.1586621172956,23.2460198499632,31.4645958188153,35.0112695703838,36.5156591815141,33.0840817665739,31.5627934874449,28.8230108279401
-21.8940612434245,22.4558550359333,38.0865021636069,51.8040815600678,19.6285462099164,38.1820214478338,29.0791217868398,17.9948445598479,13.1800789858232,24.6996421482206,28.7966717146785,37.4718746526012
-6.99335922070166,7.17280632077566,12.165517768894,16.5471607766188,6.26971273624779,12.1960283562025,9.28839753469584,5.74787887585273,4.20995565328319,7.88951251413752,9.19817787217752,11.9691946233799
22.9202768828825,30.2742280960479,29.4938626109957,40.0041278140991,28.6698072851493,32.3619207731527,21.2934579124171,14.0896825464552,11.0242154849632,18.2323228465209,21.1013257338633,26.7708787996154
73.9907606903161,60.4217852356144,53.2832337117472,61.4544485475879,60.5551830812874,56.1433646644314,47.3539877249162,41.6791511171058,39.2798156366373,44.9908441106159,47.2036414636747,50.6331283833177
26.0670350272308,12.7159966749077,6.65055029504795,12.5301444364689,13.164047086233,8.66586749370932,2.81198561830627,-1.03281553511072,-2.60815721402323,1.22670734491221,2.70906324894629,4.80646954969206
-29.4511608229008,-42.5497255921405,-47.3720119144615,-44.14719147368,-41.7371596402781,-46.3353860592584,-48.788585128149,-50.5133452087167,-51.1341148333676,-49.4727297825697,-48.8365683440725,-48.2823374051093
152.608661301836,59.4503597546504,3.00981543261551,6.30365458773414,66.4561323142058,12.5319060682454,-0.146570385782319,-0.0753232258515979,0.184747788979855,-0.414211538190745,-0.160896515200903,-4.9048060688639
-45.9442534263712,18.1208200756209,84.5477429476608,84.3206840328854,31.5163307833676,33.2688225110175,76.2730848059748,79.1558740932681,80.236785190433,76.4445241186608,76.3220663821865,59.1297747768169
-126.792433160532,-24.9036384013262,11.5952402957927,14.233939137598,-14.3388187948224,-4.97924496983924,26.4784305685563,13.2153520590843,7.19244980113256,23.583530957991,26.2206191472524,24.6282702843762
137.863897356807,32.8555007205114,-30.0887280011699,-28.0159561396598,40.9901525255473,-19.9460466230184,-32.1506235671124,-30.7560637950522,-29.8707722048761,-31.8941820626369,-32.1327414835352,-38.4446176684285
-45.9695113996679,18.1307820437768,134.184623219647,136.394408110866,81.930614958442,33.2871121330685,123.68213156178,124.62039870341,124.825647744377,123.026463030196,123.680708274295,59.1622815249075
-130.264510460823,-44.1474660514843,94.1939482825661,95.8596008573501,14.8679156515933,0.11569320425,88.0290705643314,86.6700368880123,85.8074082085669,87.0328811458265,87.9886968223517,82.745212164872
-182.673537978551,-85.1179522010923,-1.88266724390802,-2.35314617796833,-81.8322822854828,-40.9561810864485,-6.09386824197875,-5.74700638413252,-5.84127484958634,-6.36452156122349,-6.09002969454588,-12.568725432335
-43.8138853018566,-37.6408187230208,-19.0980825093348,-16.1958698822291,-39.9949577305749,-21.6468682539649,-20.265573776361,-22.9240465558536,-24.0717512061465,-21.2253841048623,-20.3307502408551,-17.0830487029505
-293.856684454313,-226.089120653906,-115.253815290885,-116.509386831374,-239.283309830076,-133.707468946995,-110.735137788257,-113.782911714299,-115.328926999958,-111.298415024664,-110.786264041134,-99.9814061417543
97.9370526472913,5.02737475796398,-50.1889662354146,-49.5094186040968,12.3921044247446,-41.6306430512273,-50.9602931122324,-48.8013330125791,-47.6012460447067,-50.3405418735953,-50.9205178456944,-57.1840711516955
45.9695113996677,-18.130782043777,-32.2581402006697,-29.4590596206808,21.6536410683117,-33.2871121330686,-26.3253146533016,-31.2635462833482,-33.2698237890845,-27.3698501985982,-26.4275472173873,-59.1622815249075
-130.264510460823,-44.1474660514844,6.39515071724825,3.74619974138601,-74.3588766056629,0.11569320425,4.16655312850724,6.253062376705,6.94182769128358,4.63490824390858,4.21546785071176,-3.53602338134538
3.01149226722242,59.8274956537391,143.979186287203,141.55171905244,63.3818712025571,104.184222059387,141.55337624598,143.46304384338,144.072446030501,141.947000996568,141.597713642901,133.981453476093
105.655735228755,99.1831567434364,79.2019196964537,79.2415731039081,101.139345442908,82.84630822382,77.6809708712774,77.9911802694172,78.081402360702,77.642119793521,77.6852826146342,76.142862379671
57.6836999709482,63.4134788779983,79.7372292478318,87.5081545201311,60.3848532666074,78.9722370846203,74.1324652940535,67.5849078312512,64.686250454688,71.5201016824869,73.9665177094149,80.0490961420282
25.1416179156682,19.0351840316926,0.856814192099131,-2.95356314982398,21.5200038681068,3.08187580449859,2.84830848222224,6.23306367627945,7.70763418133646,4.11630783074148,2.93229459858673,-0.848083844684888
-278.381107222862,-144.724871579511,-55.9447903920706,-47.5285225185152,-240.840921667767,-97.517074922342,-64.4209816157804,-72.4389343441887,-76.2050653913823,-67.7650365764245,-64.621995057138,-59.1223122205254
-97.1826462394949,-53.3952769422366,-13.3825444592894,-11.4261771153396,-83.0276907315567,-25.8175308810667,-15.5599490544447,-17.7603639075029,-18.8278595709252,-16.4637497901901,-15.6136423674069,-14.1775639981502
-32.8930031796508,-20.7991208225502,1.30721228465063,1.03729356497959,-27.1054325863623,-0.928850166127937,1.31232277602122,1.13592055517238,1.00935972587639,1.25668852944134,1.30979607038344,1.33647939365491
-55.423652386572,-30.5303422491076,5.98867228484856,5.00613362916926,-44.8847953377846,-0.0135251283191806,6.50258803542321,6.66554958717105,6.66416664254905,6.60254061249801,6.5100539879007,6.23009840443687
-84.7607105374293,-40.850505917222,-2.90235864546384,-1.11542626346475,-71.5771936315374,-14.0370793928554,-4.90876390392025,-6.94718070194404,-7.9385252278056,-5.74502403754307,-4.95839840214758,-3.6333113246001
-100.42570923707,-44.0899438409538,20.2671116507733,17.1743231229428,-79.3724529288411,3.8341807662114,22.4549901596429,23.8947616924865,24.4191666358572,23.11781445681,22.497673954633,21.1823453641813
76.9862692677673,58.5826420175589,23.7532380161717,26.0752852495177,64.8400418341078,34.8693434334724,21.9620483560232,20.6396318904831,20.1081641035807,21.373694079232,21.9250042664367,23.0256326786686
-54.7697105010474,-34.4457453804955,-40.1701656422085,-38.7147107287673,-56.5850073333456,-38.1002026197502,-41.4490911525208,-42.5318870183878,-43.0098681057053,-41.9132626010516,-41.4775656273922,-40.6687687875475
-52.9767375341137,24.0714777228538,50.0300214255873,60.7751417604053,-12.9188883996413,21.0580521781862,40.4013690977528,32.103854704909,28.4018733944952,36.8604879128524,40.1848679268943,46.2981383906556
-77.7814532821779,-51.9565132403888,-47.2701772240915,-46.5087987241149,-75.9661564498795,-48.5228970777335,-48.0137034206873,-48.701219610789,-49.0203412011472,-48.3020115963193,-48.0311051540266,-47.5512939652698
-150.816662624789,-73.323512223984,-45.1741428821456,-39.1075402121386,-109.671491240154,-75.8708635603991,-50.5345105568709,-55.0958686034843,-57.1156039969956,-52.4873205801097,-50.6541922512591,-47.2604655242243
-157.564025025202,-60.4959984284704,-28.3767017780062,-22.9033095681536,-135.3752405574,-63.2573502214378,-33.5444514625814,-38.198667278208,-40.3283464340352,-35.5087652780023,-33.6635839274599,-30.3493054601472
-150.81666262479,-73.323512223984,-109.369428738234,-106.4575071797,-173.005447092591,-141.22913332522,-111.851731620163,-113.89383406075,-114.779246619742,-112.733719973742,-111.906128838671,-110.346165254739
-139.252924394659,-139.252924394659,-139.252924394659,-139.252924394659,-139.252924394659,-139.252924394659,-139.252924394659,-139.252924394659,-139.252924394659,-139.252924394659,-139.252924394659,-139.252924394659
-52.6261734834176,16.1827414226398,14.6349376284462,17.9402793514665,-52.6261734834179,15.8534630834453,11.6194228093471,8.9798531123451,7.79135752124436,10.4974610586744,11.5510204908982,13.4723601169497
16.5162499876397,13.5918536183865,17.4380023785653,40.918555463216,3.10848035002032,4.1323672393685,-7.54671693153739,-12.1187191353588,-12.9861938357699,-8.71434905337765,-7.70493888376524,-3.23356916659633
5.61490277617109,7.93008175861154,1.11186364817449,-15.9670467251874,17.5371713316699,16.7534032938108,20.45401902873,20.2998790483066,19.1360594371317,19.5830257570941,20.4868752267041,19.583122652902
137.086032526502,135.260393354851,125.494868146336,145.04554301631,132.939520536941,133.664672131695,108.059728922709,91.966541046374,84.6584173443993,101.176459405836,107.64473630572,119.301581899868
83.1317917897823,82.2467037955488,78.664821729388,87.6175930485447,80.6538912050547,81.0029100127049,70.0958223248975,63.4268152073041,60.4860076441613,67.3039117646742,69.9209510287115,74.8326799516236
29.4071196348259,28.9069324572392,25.6678285759787,31.2813023640638,28.4997166808751,28.6996360354568,20.9478153275253,15.9845549199787,13.6878047539824,18.7953748249111,20.8212457985478,24.3766304973275
-51.7180923022849,-115.115201964257,-55.2012205147065,-49.0246939274499,-53.1537748858085,-52.9208672271153,-115.115201964255,-65.8745471282742,-68.1499515410223,-62.9899506315169,-115.115201964255,-85.1143962268111
87.7810332033239,86.7005101707653,81.3800997780359,92.7418592727793,85.140475919001,85.5686510136017,71.0145893411508,61.9413501483374,57.8560233657527,67.1579655359137,70.7794636699721,77.3838636286464
17.5146550048519,-31.1448265435615,82.3553172903171,89.7058253751336,-33.3200848194487,-39.9699743599493,0.328977916947082,19.8990844334977,87.2696136542437,-1.14163066625412,1.03246246342916,-18.3734956318011
61.8296159212186,97.1185953073114,-7.3703345089287,-6.99064792817934,33.3200848194487,39.9699743599493,-0.32897791694726,-19.8990844334979,-28.4905372332387,1.14163066625412,-1.03246246342898,18.3734956318009
