29.2636437814891,2.44587654771484,2.42971898194169,34.8101027039417,35.216865766115,32.4129341249975,30.2270473615666,33.7345186014893,33.974738838846,33.4880359306175,32.8057352549518,34.3844351077282
17.1999527493965,-14.4792152855391,-13.9784326995219,32.9539341385795,34.081050261306,26.1349862389901,19.954280370912,29.9595185728636,30.641052477183,29.2595787170356,27.2551431942645,31.6806560454705
-111.759863516666,-44.5562077326599,-49.6348991905066,-64.8206834512777,-61.4652886124105,-85.0841488369042,-103.429943728902,-73.7344921078844,-71.7024022705182,-75.8213402904026,-81.7515487584231,-68.6309537878138
-76.7263452605013,-58.0513436662634,-56.9718810487113,-43.511262507768,-41.1361154275147,-57.8885044986888,-70.9184537184908,-49.8219507163014,-48.3850648026164,-51.2976697535387,-55.5266163736517,-46.1985689968512
77.2924313542288,37.1895294886906,36.0668038980656,49.0224837840101,47.0840848115726,61.0942440773116,72.2501007489603,54.2407634617998,53.0382812898619,55.479764659171,59.087390593919,51.2874120077831
117.940212814774,79.9338694158472,78.6649331470244,92.7225342348244,90.8709465495004,103.812660939687,113.60710298132,97.5922444863745,96.4820763507284,98.7292144452615,102.010814486379,94.8611711761039
-105.979473642453,-105.979473642453,-105.979473642453,-105.979473642453,-105.979473642453,-105.979473642453,-105.979473642453,-105.979473642453,-105.979473642453,-105.979473642453,-105.979473642453,-105.979473642453
361.283554523227,198.2965163544,199.980353915234,228.584885274851,219.195789218785,285.748649108137,337.712074305303,253.603853350763,247.88099109349,259.485386051944,276.324753576257,239.358245940817
-105.979473642453,-105.979473642453,-105.979473642453,-105.979473642453,-105.979473642453,-105.979473642453,-105.979473642453,-105.979473642453,-105.979473642453,-105.979473642453,-105.979473642453,-105.979473642453
81.7091780619183,52.8212639698982,51.0499302807503,63.0908141471949,61.7748471209572,71.1006389229095,78.3223101696768,66.5931988778598,65.7866625596041,67.4216947452436,69.7796502077856,64.6421861786579
95.5049143918325,58.4994354667982,57.3067697779452,71.2304555317918,69.5103003672859,81.6817516952298,91.1135761089502,75.8066470647753,74.7552427304911,76.8866113488295,79.9591978502621,73.2413111483639
77.4624639287044,50.5509065507013,48.8881640378885,49.9417692090343,48.0315776274512,62.0891227708473,73.089813311978,55.0541483067404,53.8711914317862,56.2711137303966,60.1019920009582,52.2604936733959
-39.7549651104694,-34.8595396745232,-34.4455829873057,-15.3039457747021,-13.5358347172104,-25.8805992936556,-35.4920018465207,-19.9917347650993,-18.933439567666,-21.0781860737437,-24.1450180565034,-17.2374611408611
-1.59216146005348,-8.05678655454418,-8.04020899538953,7.10974620578968,7.74575587734598,3.34802366290556,-0.0792923128239975,5.4268997454328,5.80372442249955,5.04020243577354,3.96463605157666,6.43698527910659
41.3162274955864,38.5176526761903,37.7262262954368,37.0862619807175,36.7460334850708,39.095580711852,40.646266149702,37.9457271875298,37.7437802510238,38.1501697367431,38.7844795064217,37.5508966892275
31.3738958429955,23.8107782232978,22.9356417607923,34.7307888325992,34.9535653446853,32.941022341554,31.2372617197639,34.1183224440891,34.2538173451096,33.9776481105549,33.214922197656,34.4804454523723
-15.4802471491154,-0.818880099527952,-1.44747830119769,3.50502632784355,4.84424858484385,-5.13017387586756,-13.0617777817386,-0.0772192518513126,0.732084335688565,-0.91021118558503,-3.73689911561308,2.00241922084317
-75.0931926851543,-33.7360068434648,-33.9476554005262,-42.5744035138874,-40.2516316547194,-56.9817228823869,-70.1399746858005,-48.7590039074256,-47.3615586339564,-50.1954014778422,-54.6364702296694,-45.1507306336743
-84.5290016701995,-38.1405904091121,-38.338886494475,-46.6309107333677,-43.9297458777611,-63.4491684747309,-78.8095314525166,-53.8269389231699,-52.199203060552,-55.5002663722973,-60.7125271139871,-49.6420242010962
-3.54119716822483,5.41802865096663,4.67862482455637,12.5202931767022,13.6898298408666,6.58940565232502,0.735680541096873,9.39461212923622,10.0711983544642,8.69807650236627,7.63383476565678,11.5761376568937
-51.8206662622416,-29.6939363469104,-29.5539967339426,-36.2804142416424,-34.9135489326345,-34.3046239170821,-34.7804605031015,-39.8677018394539,-39.2319429632566,-40.5192448089691,-34.0542877775698,-35.5593483036291
-108.533237484516,-51.3314745178461,-51.4165827315858,-63.7138744304547,-60.473436803439,-82.0875049537855,-99.2370250056784,-72.3344903558382,-70.4134374488122,-74.3087976228103,-79.0004205998718,-66.9517883495484
-46.928030175408,-65.7440785419615,-66.2274279021602,-56.2781180516705,-57.0281866074025,-55.5498004763125,-54.239536588879,-54.3082761401149,-54.7087460803942,-53.8983771327719,-55.8926653454122,-56.1276572290584
58.3522919463614,72.0554418648405,72.0131383124187,68.3872327228244,69.0331114580433,60.7281799251088,54.4242050684311,66.6530638707657,67.0914606480636,66.2016460447826,61.7622225472834,66.9915231196084
93.6069984013144,68.5252162558423,67.8103590176071,80.3334889085637,79.7841736506957,96.38700647347,107.488190166753,81.8398089573906,81.1848054725403,82.5115917887782,94.4253357439512,84.3851021919682
-44.6106763086914,-27.039789360213,-27.557031663202,-26.8022459577129,-25.439419216965,-33.2608558102134,-39.9971931941693,-30.4261539754108,-29.6857506244846,-31.1882714048005,-32.1287919858388,-27.5560436837397
28.0684704886901,33.1008270711733,32.7943967112509,32.7463089036234,33.4896992656209,41.0327704432354,45.0828503596627,30.8225599511281,30.9443821581647,30.6967273437784,40.3461736821572,35.366103656561
-61.0310498639918,-15.0585714638184,-14.8097461578622,-31.9483836446996,-29.4475621295206,-34.2212219314235,-39.7571059431527,-38.5353057340991,-37.3573902831455,-39.7454952118401,-33.1743577402863,-31.2751438169313
-158.980541305822,-68.001489405182,-67.1422566595701,-103.068993598725,-98.636180900914,-116.949953274626,-133.023944427965,-114.7822669351,-112.443359867724,-117.184518991583,-113.997448985409,-104.535653786459
-301.824662957954,76.8247104013446,79.7630907947605,-66.7823797302066,-47.695926157065,-115.999682929855,-178.985775255184,-117.173582349978,-107.440404598452,-127.172573384436,-104.501142324484,-69.7714909133211
-57.7505197133343,-150.900154098477,-151.148363159489,-117.106896701428,-122.389923586164,-115.306218086928,-105.223169166219,-103.209831519944,-105.574689474953,-100.779230919773,-117.154676020227,-119.654109161788
15.3941499821253,29.6042910309495,28.8691232812205,26.8913670876792,28.6754845525842,44.1702547272124,51.9309989346432,22.2756378512811,22.5818284259837,21.9591038866847,42.7788246931252,32.8163457491534
126.179612105571,47.2401187692532,46.2567419585126,78.3204522230315,74.8215428031996,97.4000184770649,115.243811605204,87.6017881681174,85.543120787811,89.7158548036916,94.1601305096784,81.6982184241454
88.4328245852062,49.026495303586,48.6266428336455,64.2032926547862,62.3396688851318,71.7059709447322,79.5419022083267,69.1350123334998,68.1108783335421,70.1868730337319,70.2797066359637,65.2559587145396
-9.38511736623682,-3.84531850265297,-3.63558333084075,-6.82179990698186,-6.75602722371389,-10.911652905329,-13.5996757479002,-7.00954661158497,-6.87424824625174,-7.14814750960509,-10.4348364553267,-7.90615990440315
189.681954582511,3.15178129083264,0.603110428277986,71.0514523761026,63.032208023777,129.098822522209,178.498919154939,92.4340850000428,87.2125723641595,97.7956654834157,119.979864081003,83.4884038623391
-185.995417904196,25.5005154443953,24.4745860112914,-24.3800971833686,-12.908666248698,-94.0553032328842,-157.376890026605,-54.9243389238407,-47.9501390008581,-62.090698133294,-82.5774744957325,-37.4598806110246
179.945184637368,165.735043588544,166.470211338273,168.447967531815,166.663850066911,151.169079892281,143.408335684851,173.063696768213,172.75750619351,173.38023073281,152.560509926369,162.522988870341
17.4859246630551,-19.7364358013707,-20.6907053899463,-2.39843462521745,-3.42122775402753,16.311566447544,29.8035863270106,0.362582007786072,-0.580999115763703,1.33040201595285,13.8991053729817,2.19165542494997
-76.5616805985823,-40.1550861435094,-39.5267160879015,-55.5983487320137,-54.2075612280062,-67.6493834478988,-77.5647416275611,-59.3018937692527,-58.3703541413588,-60.2580452846279,-65.8656245047561,-58.1503133753225
118.803445288746,-38.1352041066632,-39.4564314754757,21.4321260572282,13.6747911894869,45.2746101377793,73.3039802793391,41.9323104554712,37.8723656790959,46.1030355577234,40.1683068153594,23.7148993599309
-64.8832107709121,-25.6358835260366,-25.4184222057836,-39.9222161377431,-37.8344386976259,-43.5963458943964,-49.4002954320356,-45.4280221276272,-44.4065942480664,-46.4774811667162,-42.5287216667883,-39.7889461155063
-29.790701382105,-0.33266311269351,0.0356763496581536,-12.2722892959142,-10.9670750447764,-18.9608346479657,-25.3634282403024,-15.7286033681029,-14.9784075181087,-16.4988855578067,-17.8055816642184,-13.3795095893063
-11.4712967881789,67.8616900357251,68.2533550074833,44.2462152313699,47.8834272047101,9.43441071132654,-19.1972878495118,34.5133487461028,36.9693971073887,31.9886566000516,14.4585548815419,37.204017363739
-49.6410072972231,46.5462763428306,47.2418070858529,15.2198191705471,19.4876798781181,-25.2247153691671,-58.6925876345062,3.81852769453122,6.67982558024514,0.878217086769673,-19.4104193080545,7.12485627787443
-29.014433790548,-18.6577344405563,-18.5294038108978,-23.2956160736471,-22.9191139563305,-27.3461965049748,-31.6130851741281,-24.3171920320727,-24.0941228979061,-24.5490244948762,-26.8516097327804,-23.716536840567
-45.6229847550973,-29.9843731798598,-29.741941122794,-36.0613231942988,-35.3203343453,-38.6648463565207,-40.3785974221788,-37.9894997588606,-37.5462829877925,-38.4408267804286,-38.072824238785,-36.874245239868
-93.1619849459712,14.6228813739945,15.4203462730806,-20.7199814863452,-15.8596751479086,-62.8147053814458,-97.9922168211364,-33.6813534343316,-30.4960548501827,-36.9537639432014,-56.601267292623,-29.1126208670235
49.7937829799975,51.7460931123136,51.738872610618,52.7364715722239,52.8032207135457,53.6435299626396,54.2643277462259,52.4763172279963,52.557652188508,52.3866311630004,53.7255668073174,52.6416988837244
-67.7703972128525,9.24264251751623,10.3645990460478,-15.0313873053037,-11.3318446259392,-21.8154315499568,-24.4764722880127,-24.8593061253118,-22.5260779024083,-27.2497155288455,-18.9880590379943,-19.142955591898
149.542774218502,50.6792717392798,48.9391730328624,81.314333937388,76.4101120339147,69.8447062074806,64.4232452451901,94.3408778955238,91.3045017785125,97.4451200832759,68.9704205918057,83.0765960050243
-17.9292809451077,29.3566002009551,29.5152467165875,13.2853738988338,15.3332640026785,-17.3773708765918,-39.1073197992622,7.83676662965176,9.21044765110293,6.42304750750742,-13.1343058370476,7.65899578628648
-39.0833117503124,15.2038222499785,15.4669305126474,-3.78373194739168,-1.43500608790963,-36.0729062038356,-59.3167214868751,-10.0260480526318,-8.47436161297219,-11.6222336766996,-31.5574241405488,-9.71222148004816
-195.732187849338,188.083777742108,190.341686921286,73.0164179723438,90.7229757944363,-71.9850458628213,-192.467473496693,25.7052728443337,37.5947948284935,13.4938671161144,-49.996828650367,41.5747043970118
-77.1155800639845,-9.2158261703279,-8.76317067493382,-33.7837454617883,-30.8497025959131,-69.7230897409199,-96.1955919185658,-41.5714600923178,-39.669424826384,-43.5269139418399,-64.6183609402504,-40.3885415205694
2.67983888889258,64.9808934436107,65.3569792606015,42.6989019652991,45.3921705005742,8.31079582118743,-16.804571843628,35.5470136795246,37.3045195168645,33.7397828558844,13.1670723456839,36.38136821038
-44.6214534146237,34.3959498950401,35.0084952122286,5.2367552659728,8.64868672740684,-33.5008268056951,-62.5033022414609,-3.81229396606795,-1.62571676099681,-6.05948227169577,-27.937189240218,-1.88705841937407
-61.4535861390015,23.1843653339888,23.8790350655299,-8.30452082990401,-4.65102986861123,-48.4102745328447,-78.664604899279,-17.9910323109872,-15.6610093906202,-20.3852791170511,-42.6203115125533,-15.6822542414145
-35.4252050634903,39.268908339857,39.6694101097934,7.53703295635335,10.509225938915,-41.7418549425054,-86.3918843279857,-0.297696382583124,1.62210795669475,-2.26828640103998,-36.434620311326,0.920548465654014
34.8084455026895,85.041027150819,85.0926420287673,63.3917853373377,65.3124217204284,20.3743946301958,-18.6478656083668,58.3327667878813,59.6255975211963,57.0050283771214,24.6591326294627,57.9363442834892
-100.256690923388,-2.98255444968243,-2.26000113575973,-44.0215370454116,-40.0786700873429,-99.0803062885282,-110.415450051499,-54.4184777082461,-51.9199247186868,-56.9824730897794,-92.8292224426315,-51.7097609452424
-107.620077226501,-26.8264728706221,-26.3476434020787,-74.5802366366134,-72.1722285786977,-66.7555264881557,-85.9391192716726,-80.8760197314669,-79.4002372284164,-82.3899446782034,-64.5717063531656,-77.5010680416271
-5.2602763257577,-0.312824139123613,0.259983748491965,28.9731127900402,31.5891231942326,44.2731829885796,55.8702459232486,22.2011124302038,23.7399947481443,20.6231406347618,45.3205312229874,28.0605580364608
15.1221743850873,0.124371643514776,0.298517980038593,24.9790225641839,25.5791570745882,12.6916089725454,29.6482131448477,23.3220648830014,23.7408035914963,22.8920707282859,14.6138847133553,22.0784667962485
16.9040613042534,-32.602765546353,-32.8423978644544,-4.29547493962135,-6.53693273359002,-41.32886225,0.0836130550149861,1.07122343891755,0.0106401082025087,2.15641023389752,-36.090913223533,-14.4112995534688
-33.1617434576322,27.9028036306864,28.2988288138077,5.12718378249732,7.82814491463815,-28.9848157918403,-53.2597889722982,-1.9659864475672,-0.232014734178287,-3.74243714168507,-24.2198944971494,-1.1866219491915
-33.1617434576322,27.9028036306864,28.2988288138077,5.12718378249732,7.82814491463815,-28.9848157918403,-53.2597889722982,-1.9659864475672,-0.232014734178287,-3.74243714168507,-24.2198944971494,-1.1866219491915
-76.3700738374675,-30.7261894278071,-30.0665181494182,-36.0320534801935,-33.2435152981358,-32.3247798003725,-24.4763307798268,-43.4424490968746,-41.6721926257864,-45.2589354738228,-28.2575160894659,-42.1836568704619
-48.9038063492452,-41.6021337215851,-41.1099372019251,-25.9389529509303,-24.3802046985941,12.6916089725453,29.6482131448474,-30.126287511268,-29.1359908716004,-31.1423142061923,14.6138847133553,-29.8979321970741
60.5615332635962,48.169248715656,47.8112223611112,48.4966996420432,47.434946023334,-7.49571989463327,-43.6668549896536,51.1929588250276,50.632400707501,51.7654868032575,-3.53399688940073,36.5401696356813
70.002424878342,55.6981476092337,55.2796895083098,56.0056039143756,54.7652098610471,-30.7896824385456,-52.9348028033515,59.1512624130659,58.499350367679,59.8170072352912,-6.37019720529333,41.3935238369519
36.4980478652151,26.2657761763424,26.0600354803062,29.0267528538235,28.4129635709533,4.67373796884214,-16.7255667690673,30.6069654623295,30.2683559386086,30.9533372035878,40.9858434543208,24.5555542086414
-26.9123169170178,-15.0595248333766,-14.9502734293245,-21.4016414379149,-21.0660341420214,0.671653630621538,-16.7255667690672,-22.3274758919216,-22.1000230688551,-22.5615019317311,-14.1725760306616,-26.92108671794
-84.0195540039303,-52.2770013540495,-51.8840687473735,-66.8173440382812,-65.6267122412805,-49.8352951425387,-16.7255667690675,-70.0001190451668,-69.2628716994701,-70.7568500686489,-63.8481290681813,-73.2808379656703
-10.0835016664513,1.15933351620356,1.14678704500457,-7.85932022039835,-7.8797213381357,-34.3026343954877,-45.0196561337338,-7.9139941593928,-7.85202003297905,-7.97977527822615,-29.6520323506658,-21.5469915469358
-10.0141992494997,1.15136558825715,1.13890534710077,-7.80530427386639,-7.82556517773616,-34.0668774580617,-44.7102426895157,-7.85960244695711,-7.79805425955651,-7.92493146188098,-29.4482383138914,-21.3989022579534
-13.5626056897618,0.563250452003228,0.727641746031171,-5.25924597054193,-4.74333737424883,-12.65504784329,-12.8382977446758,-6.67499291756775,-6.33760598315982,-7.0234229026723,-12.1649796509775,-4.345442499939
-10.8002932778263,37.611638386111,37.729633677791,-2.73302973200487,-2.34882631420206,-29.3519887360944,-35.878914469842,-3.86901619563034,-3.56212014776034,-4.18725773668243,-29.60968784584,-8.65986033648412
56.6710875141005,21.1502873927635,20.4552139191065,22.8959110050774,20.7233550370049,40.6887675556895,37.4188090967941,28.8061519605147,27.4205626224035,30.2362707174577,38.2312279732666,14.8689482471696
86.5769841798034,47.7227011943373,47.3498143807821,68.5182268391339,67.3769840621459,89.2926317884924,43.6668549896535,71.6370430099631,70.8841001758258,72.4112801753664,83.984448436931,82.90712663702
5.90921334282779,12.551671378551,12.4651313825165,5.03332031300689,4.78983553303518,-7.49571989463327,-43.6668549896536,5.56965995811618,5.49698139431829,5.64195291449812,-3.53399688940073,-7.82667572197737
96.8076788088535,55.4935700994234,55.0589600796679,76.654486399748,75.3300249621205,35.463420407388,36.2092360342842,80.2391156719473,79.3891265395344,81.1124944116838,47.3560406596143,88.9495767608294
-45.2849126259425,-21.9155607523024,-21.7368909779318,-35.6799489247504,-35.1268998281567,-35.463420407388,-36.2092360342842,-37.2283420502463,-36.8382950430466,-37.6301307073563,-47.3560406596143,-47.1233083983889
-25.4174107785051,-16.5756371811303,-16.2443718152038,-10.0254828013249,-9.03499859872632,27.6057452723092,46.0652623112134,-12.7204695516372,-12.0623963437262,-13.3944088184534,22.6297834530874,0.5820867548747
-22.8090417956493,-16.5736444311575,-16.2755078041798,-9.0547520812875,-8.16451747963076,26.3358919656183,43.4478417575626,-11.4735241574587,-10.8840208534076,-12.0770901620958,21.7999277478913,0.861251629905135
-23.9542656514978,-17.4057939423453,-17.0926881123394,-9.50938398495045,-8.5744514116624,27.6581961647289,45.6293233520846,-12.0496006841931,-11.4304988878884,-12.6834712581006,22.8944847896264,0.904494389565658
-22.5641152420994,-17.7971057117229,-17.4989746462958,-8.92963167852869,-8.04620586806557,33.4787269391154,53.153069038507,-11.329386788315,-10.7406799750094,-11.9313343042281,28.0309240366869,2.04214679165178
-15.8786413685025,-22.1850902939105,-22.1181345242893,-12.2724599953512,-12.0964114768212,17.7955282494697,33.3970554781503,-12.7523731408063,-12.6200875761151,-12.885000838796,13.7236171016784,-3.84941488360822
-20.331761138024,-24.4903030088824,-24.3800084214945,-15.3534039272657,-15.0473936828769,15.1728828206893,30.8103966980155,-16.1803686900524,-15.9670782554751,-16.3959814782333,11.0804140649828,-6.86647160749954
-55.3600868348695,-33.8301747196553,-33.3238338668316,-38.7780659084385,-37.2688435772197,-22.5495683755355,-16.371373305887,-42.8119405993293,-41.8628918358934,-43.783118526634,-24.2861014811822,-34.9485617038326
-9.02328808248942,-24.7912155376795,-24.9528737474057,-17.9568433901981,-18.4529392462149,-9.10173609386575,-4.15831638129145,-16.6124503236631,-16.9301193364834,-16.2856337570773,-10.6231689886187,-14.2875360128746
6.41368911816702,-24.8425487486296,-25.2655441496605,-12.8690166070797,-14.1510772186223,-5.48372930308894,-0.326276844706541,-9.41482087942962,-10.2295386965999,-8.57850940591671,-7.13025027301981,-8.76928689682259
56.3245263639239,44.7588659900912,43.9878977649206,24.339646431676,22.1021274641235,-74.1288580794802,-122.947067143993,30.3608363702404,28.8853751343769,31.8637067048645,-61.4346726488908,-1.7740747272537
-56.3245263639239,-44.7588659900912,-43.9878977649212,-24.3396464316767,-22.1021274641242,74.1288580794809,122.947067143992,-30.3608363702406,-28.8853751343773,-31.8637067048648,61.4346726488908,1.7740747272537
6.20834932632945,-42.4192587848218,-43.4588896260646,-34.6347345361064,-37.7320277232553,-74.0042315129728,-90.6624880015652,-26.319699354778,-28.2967563699618,-24.2965971657792,-69.8217506215506,-42.8514413502207
-345.274962067839,137.404506002828,141.402513888423,-8.29791596504403,14.3128637605217,-141.829752070301,-256.890718741882,-68.6356050511902,-53.7097069500196,-83.9512529671616,-118.967249242172,-41.5018916080122
-62.5328756902535,-2.33960720527016,-0.529008138856213,10.2950881044297,15.6299002591314,148.133089592453,213.609555145557,-4.04113701546329,-0.588618764414761,-7.56710953908577,131.256423270441,44.625516077474
-96.6256767389078,-58.9192116696123,-58.024921421541,-51.7518309987079,-49.086543870424,16.8577307425897,56.0264932631507,-59.2073829566795,-57.2726254600594,-61.1883096859409,10.2803123468362,-46.2176856621768
-96.6256767389078,-58.9192116696123,-58.024921421541,-51.7518309987079,-49.086543870424,16.8577307425897,56.0264932631507,-59.2073829566795,-57.2726254600594,-61.1883096859409,10.2803123468362,-46.2176856621768
12.2525414709657,12.1958529875863,12.2381121368426,11.9315554806133,12.0509211906831,14.0502073545513,13.7039413313304,11.6690002528005,11.704033874685,11.6341124437533,13.4459816914763,14.7059572489133
56.2659823716142,40.8703087787671,40.6936944064059,46.9291422192124,46.3888342337486,52.969348624039,56.1528852581402,48.4077552783285,48.0495518258556,48.7760608428721,51.7253277410569,50.425251799597
143.505986497347,19.5256153358223,16.9582963795072,25.7842083338517,18.1224818755448,-103.206417912285,-169.652427310076,46.7437405504702,41.5565035906992,52.0546233610029,-90.8793743951069,11.4840456320202
38.5425211508211,20.9175386780487,20.623190145003,28.469266451962,27.5900767071887,30.8814638987229,35.294860738644,30.7375892852603,30.2494401866382,31.2370700086486,30.745215142481,26.5404510373374
-400,266.853107717176,275.229033625503,127.526788060974,163.134106399547,260.823579689875,277.685087969191,31.8933416383164,55.4589949503065,7.74083838818846,254.482372678826,142.953403092879
-91.4752003535577,-12.8807854152797,-11.7240422823805,-21.8522986763241,-15.9570900998059,24.3019303744346,55.7866328682335,-36.7302386180119,-33.5120370616558,-40.0278024995372,21.1203918070846,-13.7948175030875
-81.692328672019,-4.75496710406675,-3.71694160344722,-17.9077203350509,-12.4207448576441,28.809043668651,47.8157431940026,-31.6994189907902,-28.7355213039835,-34.7361085616976,25.0707621002436,-9.04782123538859
-179.905338764354,8.09091342065891,8.99577755062104,-63.434948444608,-43.2567247895074,1.19385433402055,0.907036672182393,-107.606504441877,-101.073892186612,-114.303143023246,-1.08465686530597,-16.5935152119724
-82.5150391064033,-62.6929629274205,-63.3566779541392,-81.6261406624279,-75.4582753619985,-19.9850103086684,7.82722935855524,-99.0460766458691,-100.485476074565,-97.5753906401632,-25.1991137615014,-53.4336009681905
-103.46634535525,42.7896330005741,44.0603909881051,0.0524789799949854,8.93734341018078,-20.2474056661652,-47.2352857395622,-23.3192023150058,-18.8760718302363,-27.8772671349921,-15.250526843827,-0.694904923001149
-92.0262578496565,-167.029332652865,-168.791333795215,-152.32993785763,-162.695425358666,-123.213678320396,-88.3017313536556,-125.049972942918,-130.375900973982,-119.586753876391,-129.650262912103,-149.947770149629
-143.124386865971,39.905201308188,40.9526862314972,-42.8157884272459,-34.6038763766374,-59.1085759404469,-82.4949184066075,-64.4111305487398,-60.3692370304609,-68.5577971431495,-54.766052330088,-42.8201529397351
98.8386302312109,-21.4276289675261,-22.8446224472317,-16.698760211457,-26.0243832382093,6.22562293151923,35.5723752066086,7.83635669191929,3.13043102637911,12.6638719366877,0.800165960651222,-15.4647264447848
-190.864888080867,-145.601703685339,-145.946711347983,-135.631177646173,-136.671042120457,-129.439301251915,-123.874106560264,-132.886329634838,-133.506332000361,-132.250625813078,-130.450428872754,-134.483043704845
-8.64850727933666,64.8678631371343,65.8146902049919,28.0365773731764,40.9360481273406,41.9297724951454,29.0844882811732,19.2862238685088,22.6290924413304,15.857399511465,44.3044187877937,45.6905888334575
8.20917677366682,82.7667704828464,83.7306144981095,56.6546109033512,67.6965754228291,64.3937199864226,52.6058096808849,48.3007550273407,51.8563034159295,44.6579202609896,66.6251757408649,65.726138743426
-76.4091478805425,30.3943307073683,30.8173651152273,-19.4936043176707,-0.311342920941904,53.6181820400385,68.9465351929613,-47.2823383210685,-44.6714481952765,-49.9615397909935,50.7693633750103,20.3386740972367
56.6919073434299,76.0614863309968,76.3234761111574,105.395589923677,101.708816930339,87.0001383492081,87.9197380641763,104.897513326387,106.352459400445,103.419527128885,87.0117037890846,79.3724300531194
68.1061917753984,72.9673552608843,74.3411812342539,90.8689163513427,74.3819650842901,49.8991079696981,41.5225241533136,120.222213888723,123.604795547757,116.760347804104,51.5118099517436,84.9980878588425
-34.0447854625317,182.857688461819,186.198001844159,158.028672864568,164.238953876435,180.77555198619,187.839543523356,130.396148256712,141.939369058045,118.57377168713,179.640142768967,153.762668260959
29.4316793882465,73.8395106970725,75.2690327273753,91.7414491549635,83.1721769778633,58.6138696434243,52.8279970100936,94.7396510710268,98.9784540004315,90.4014947218674,59.7788498645042,65.2761943696547
134.001654867163,103.655897006304,103.906272782611,119.460033475084,114.551388208059,114.89357153419,119.501055879158,134.597935982049,130.058626899312,139.244467702774,114.189175381281,117.697206215013
57.5476865818274,39.5888911171701,40.0072666635841,50.3900609102432,46.0131491271895,42.6287464854818,44.3358736884223,64.1170601826977,59.8972857451567,68.4355057331523,42.4488313227862,48.0382783273818
12.7914528000558,-8.36702452049449,-7.19088808282748,8.02039555988223,-0.858240122417353,-13.9153293826378,-14.4821832060109,36.2500150908076,27.4011643827316,45.3041628596456,-13.5281572216668,1.94090813498953
5.90843296002568,-3.86476846899035,-3.32150544778225,3.7046589014694,-0.396425199402328,-6.4275569053136,-6.68938938563364,16.7440545895635,12.6567283101188,20.9262085589792,-6.24872024048422,0.896514709971363
-34.7357757407205,-37.742936866209,-37.1217778567184,-32.9805783614588,-36.715663329838,-44.5982269364721,-46.3919644373664,-20.9566043001573,-24.7906856984491,-17.0341738737288,-44.145069378618,-36.0432571549331
-165.014382068909,334.751911582944,342.52119789409,258.332933708084,274.660886969426,321.648666232918,333.986439347415,204.498397384165,222.067368322459,186.493030499201,318.459988870509,274.662120269106
-165.014382068908,334.751911582944,342.52119789409,258.332933708084,274.660886969426,321.648666232918,333.986439347415,204.498397384165,222.067368322459,186.493030499201,318.459988870509,274.662120269106
11.795154814275,182.385705024302,186.020859467612,169.138458115056,166.493123845865,165.087606106196,164.824832603869,177.163932302374,174.747992279935,179.620370923903,165.048126993184,167.989030520117
38.2470374080137,136.438221425448,138.317153284635,122.5007330047,122.553231486064,117.94416997887,113.35947086875,122.416758577544,122.344360191252,122.475109469645,118.643273681381,121.66892384907
8.83778450951742,52.3039269464632,53.1287974902065,45.8111607497351,45.8866856710215,43.5332358740828,41.2725324833229,45.6345584810162,45.6352355907524,45.6269879593034,43.8861484340154,45.3947508388224
-31.8233869651609,32.8224791901963,34.0110929644697,21.3708379850699,21.7736814595245,16.5334150399419,11.8864983743335,20.3334613078511,20.5163038536465,20.1366156899591,17.299667512354,20.4837393637854
-91.676268737911,-31.9249834131683,-30.8792435252067,-44.9951512819764,-44.2205562022653,-51.4733496016776,-57.5471533291305,-47.026668423279,-46.6058990271395,-47.4655739237769,-50.4309017388713,-46.1858609186322
14.0976268838127,7.75202915484826,7.65303385873507,9.74654448421037,9.4332159977151,11.6291385346502,13.338198695426,10.5779312378862,10.3896427253516,10.7712588094417,11.3200836419033,10.0935914268342
-30.9535254161171,-30,-30,-30.9535254161171,-30.9535254161171,-30.9535254161171,-30.9535254161171,-30.9535254161171,-30.9535254161171,-30.9535254161171,-30.9535254161171,-30.9535254161171
-34.4233886665342,3.09642041503952,3.89971249611942,0.393035661726238,-0.00125067016971681,0.907308091100223,1.62049217445379,1.52319463666617,1.21377025056346,1.83799546407191,0.763489694944419,0.456082706836236
-66.6022165692492,-23.8319120583289,-22.9570690823802,-28.6415242802091,-28.812741091278,-29.4696806904981,-29.9748981860363,-28.1031615846997,-28.2786205844426,-27.9259147413712,-29.3931887456663,-28.8259840938538
-112.514014360865,-62.3420739947322,-61.3671857564039,-70.1555244097225,-70.006694388115,-72.9044969768034,-75.1537582581259,-70.4664720097331,-70.4495214419389,-70.4867807246146,-72.5126067680421,-70.694040510309
-24.4511641374003,-19.2943477199973,-19.2023605861784,-20.1919399330484,-20.1505677588799,-20.6486359991281,-21.13386131722,-20.3055736679745,-20.2828406839398,-20.3301487525324,-20.5718851059417,-20.27184381029
-46.1065081026204,-36.3825212774271,-36.2090650973073,-38.075072291004,-37.9970585623814,-38.9362444115957,-39.851212915119,-38.2893465353982,-38.2464799255835,-38.3356867149056,-38.7915185548349,-38.2257435941276
17.252929634205,42.9805541343535,43.3931088561882,36.0094913930653,36.5944973464247,31.8940048130926,27.9540716674698,34.4461057633792,34.7915104515832,34.0878971393939,32.5747508634432,35.2631890383811
-9.94050235228663,5.9091942473072,6.54310884476117,14.8242728283763,12.9351913480427,24.1923533067729,33.8926792041162,20.0524986182987,18.7828409345586,21.3616462955597,22.5108584298652,16.4428054244009
-3.17517627318455,1.88750353882995,2.08998732865552,4.73514090975964,4.13173411180363,7.72747528141704,10.8259348501446,6.40513080470646,5.99957917264522,6.8232962550649,7.19037539979879,5.25212949988769
20.8528189592864,2.61460184918668,2.45917363588554,12.0622406036622,10.8666188961044,19.1613098070249,26.3190710380877,15.3333694023961,14.568689009619,16.1248655860732,17.9328897676209,13.3134096435386
68.8046898756172,30.8048307419247,30.3552954543461,40.0927738869052,39.1574788902058,45.3618162624083,50.8404984581572,42.6780186542735,42.0626269898842,43.315324301164,44.429864809771,41.0062716017795
22.1272440328535,-8.31000220614685,-8.65696858400575,-2.07652060575092,-2.68717632658895,1.24196829115772,4.94989526702816,-0.352674674770714,-0.772980833063808,0.0843245029065187,0.630228248932196,-1.52259781942414
-31.947174101933,-53.6233605940767,-53.8515039726975,-50.9283808923253,-51.1629517689959,-49.8695495771763,-48.2129893041158,-50.2024396242645,-50.3967450869708,-49.9974894710312,-50.11033432428,-50.7910148538239
113.740824852699,-17.115199048871,-19.9880642873688,0.077013337575238,0.198716611583816,0.952087576474048,2.21584460172597,-0.226385828912878,-0.132189591969034,-0.314280825586799,0.801220748265408,0.211302392808843
-17.6111653175187,91.0118508972319,92.9400157816164,79.8500830182924,80.2742930721444,83.4416924748149,84.2718963619313,78.2283265094334,78.8219021009388,77.6135625632934,83.1874429582941,80.7463042818871
-67.7542138234596,11.3368968958345,13.1838771254673,9.32441163715545,6.91383451209022,8.10418404716802,10.8592647409419,16.6716553061994,14.5007342161305,18.8925027434584,7.64893888000162,8.68862491480131
94.8815684151492,-47.4090376839979,-50.5785149379673,-30.1944061138268,-29.823897071543,-30.6072217914368,-30.4521484612793,-31.1554703297774,-30.9090447912166,-31.3985316214146,-30.5475923204847,-30.301016509214
32.0171543478364,132.657608477276,134.477758947694,124.737897681511,124.817111155525,130.405750580872,133.119477708929,124.031283377774,124.417726323347,123.629192536234,129.810840206071,126.016992910859
-29.2300512030597,101.300602016573,104.512617192295,86.1028345859859,85.751115955151,90.728191225966,93.3046877033574,86.7482182401753,86.7137958405013,86.7755886508531,90.1600448865675,87.1014603705606
-125.219478082355,12.2186152169892,15.522808031661,-5.80817707624979,-5.85716271839247,-3.00437594310918,-2.07983327221435,-5.96576545710481,-5.81845125488702,-6.12498703658952,-3.27368736787554,-5.14549849571955
-31.0967803266136,-20.6984906989604,-19.7654686562676,-23.6777446915894,-24.1286838285374,-21.9662760505605,-19.9631846909346,-22.3932350969156,-22.7225806608636,-22.0537110279097,-22.306415634595,-23.4046396225806
-218.442323336928,-82.6392139245189,-76.9484865056214,-114.773179798452,-115.403239134784,-115.108317671005,-115.021085103727,-112.935892327178,-113.466040057426,-112.399448701597,-115.171873716152,-114.893072986073
60.4909780012674,-61.7375820113055,-64.4934361615641,-48.0299135309382,-47.5378602643478,-49.3800397531049,-50.1363685009156,-49.3160004878033,-48.9992498000964,-49.632406034195,-49.1656079181872,-48.3058292230091
70.0071672754386,-47.1631212600975,-49.2074597349107,-32.5671804053792,-33.3559678780138,-33.9716488831959,-32.814982145283,-29.977780307715,-30.7906276132232,-29.1378734874026,-34.0766343860169,-33.0603417110643
-117.113126294281,27.6562168302996,31.0613460685452,6.70758903365392,6.96709274677965,7.66049456295852,6.9030593920554,5.73115347183959,6.06403296437303,5.38139209740551,7.69523389817623,7.02921654045459
20.6041494263031,164.50053008258,167.892314249881,143.865301968241,144.093550366774,145.003377902268,144.415738711152,142.97209994541,143.286012421939,142.641821516177,145.007519228846,144.220912310949
91.2949729361907,71.1270557078929,70.0591081880112,78.0484268000178,78.0827323534033,78.8433015279033,79.1141484447658,77.8691447616967,77.9483012733323,77.7865012378147,78.7721698901837,78.2374835276965
67.7967407198407,62.1888464526527,62.9072062150962,65.6780604439823,64.5372800656706,71.531297880002,77.2957529662694,68.793266129109,68.0491956121349,69.5586183759769,70.5110462790969,66.7145504560084
12.8746644468109,5.41229323714734,4.51666631871265,7.202025006029,7.78173984008954,4.71987797844695,2.01577268670277,5.57555233286746,5.98246168730863,5.15638450212736,5.18671659880221,6.78697891032889
-211.966789467504,-18.991675095972,-10.0501976320383,-74.9100349048037,-76.4052442605012,-66.2235294211579,-58.8660620943709,-71.0059073490564,-71.881344164899,-70.1127528357425,-67.6102823982928,-73.268455160023
-68.6068935123732,-11.2308213805399,-8.58821689807738,-18.4588635860535,-18.8850567227906,-16.0443979487803,-14.1124420977782,-17.3591291469186,-17.6038859234106,-17.1106320557212,-16.4214496979318,-17.9939575354991
-18.1032186204556,-8.16934734275003,-7.7295509566021,1.05535770800051,1.00204389032215,1.28584667335614,1.33541712126084,1.17770069352321,1.15263788056463,1.20170823553887,1.25987428997665,1.11001615315276
-30.3149319662568,-1.30555367049987,-0.110081007995877,6.6690616835881,6.66304317512534,6.5627287499723,6.21294313794347,6.6547051601187,6.66215150589458,6.64432192780986,6.59900484010232,6.6687607110288
-57.7158403779847,-2.68878429374038,-0.323529138258571,-7.595718074939,-7.99167397432348,-5.35681106437804,-3.57335781565211,-6.57491317603736,-6.80197447458546,-6.34446759892582,-5.70585036922293,-7.16400407249738
-54.4610215618135,28.6209562866502,31.9172674001705,24.2474566834863,24.444993749493,22.824479069071,21.113047299156,23.6730634567517,23.8100999848262,23.5278235121626,23.0892645233949,24.0171179069519
51.8739569470235,10.8497954429289,8.61856246471895,20.2858294288502,20.0811237220908,21.6376990675999,23.0816464397499,20.8549438755689,20.7224642462388,20.9933113428404,21.3996673645648,20.5185255531467
-58.5228347741201,-45.7348832828935,-46.117959757944,-42.8472450513967,-43.0348613659415,-41.7017548512392,-40.6294685686434,-42.3455453782477,-42.4597043645093,-42.2279811454728,-41.8922101734995,-42.638547707528
-20.0616174322455,19.5725278470756,26.0280241292006,29.6637599746949,28.2077378064524,38.477016185533,46.59328952998,33.5409929584995,32.6609840901487,34.4458005128389,37.021617267927,31.2796450426601
-74.0283290091047,-48.9779642158345,-48.6941093034091,-48.910823574665,-49.0372518992659,-48.1694168129754,-47.5287366574649,-48.5792362525298,-48.6537961364725,-48.5030310386606,-48.2887227682629,-48.7716807553811
-115.357167631882,-60.2833738513493,-53.6184753513314,-56.4280569114505,-57.2213033461216,-51.5970037449385,-47.0958616464395,-54.3094350635547,-54.7911620571432,-53.8135683766432,-52.3986667525248,-55.5462713648971
-128.766613501868,-51.1253746612055,-43.6313905216188,-39.5992322387113,-40.4407832163548,-34.607814692384,-30.1919024892524,-37.3800776886019,-37.8807496351905,-36.8672540478535,-35.4186515394298,-38.6702936787551
-179.614074148123,-114.129468442925,-107.323371967646,-114.478971333763,-114.825314232392,-112.333080782001,-110.269588185793,-113.546164679986,-113.759333895796,-113.326043030842,-112.693935722806,-114.092182292526
-139.252924394659,-139.252924394659,-139.252924394659,-139.252924394659,-139.252924394659,-139.252924394659,-139.252924394659,-139.252924394659,-139.252924394659,-139.252924394659,-139.252924394659,-139.252924394659
-52.6261734834176,3.79149181654004,18.3189430409343,8.19712456774617,7.72887790456593,11.0105246262635,13.564590892017,9.43957167996103,9.15818817507885,9.72848569251736,10.5486645385106,8.71576101433318
0.569072812058069,-23.8515245024495,-24.5450440589533,-12.5257838996895,-13.016884417307,2.78794143280034,13.4987086510822,-11.1279648623224,-11.7587594097316,-10.478271077984,0.894050964052084,-8.61774883956095
18.1038193484842,24.0985643130303,24.6249557317427,19.3605296852636,19.0621767916735,9.00817375356753,3.02433343616419,20.1134821152631,20.2508425467758,19.9738625634522,10.0667972827565,16.3411882235808
126.69676996146,60.3095706564181,59.4253474816894,87.1443520260174,84.2734813224673,103.795794120706,119.083643823918,94.7583300259149,93.0508318523076,96.5115298126654,101.032563417555,90.148785629914
78.0196802043666,50.3422159208833,49.9506750016726,61.4991844446434,60.3321538703197,69.1089546227892,75.8459654241232,64.5993859074072,63.8803877420553,65.3376214094295,67.8893583563448,62.9671858522499
26.5974938318429,6.20466736279184,5.94424878320723,14.4627947305132,13.5663183400283,19.2513416618162,23.7697950044783,16.837908888909,16.3168836482967,17.3728828382714,18.4355758364667,15.280362028232
-55.080279166738,-75.9897172864271,-76.2879418192085,-67.3711972025046,-68.2700557803727,-62.0189408770642,-57.2083880504067,-64.9985513039738,-65.5344811855429,-64.4490490877672,-62.8929593263763,-115.115201964257
81.6020300130816,44.1069117892964,43.5983794275888,59.2508042929824,57.6412563499615,68.9215668059016,77.7008970769672,63.5215836727998,62.5543578982323,64.5146947639966,67.3339720344675,61.0335617399028
-40.9397431516926,64.6357933158072,65.2419483689528,50.8151473543945,85.9218724543625,77.5302439369225,81.5366840146297,11.176278961632,14.5588606206658,7.71441287701347,76.8931023496856,36.947965320125
40.9397431516926,-15.6685285155071,-16.6479246872447,-44.96888746934,-27.2931117710495,-11.0779380301326,-9.06375967874302,-11.176278961632,-14.5588606206658,-7.71441287701329,-11.5346689712584,24.0478470682485
