version https://git-lfs.github.com/spec/v1
oid sha256:3499ef3bef8c8683a67f949a7a60455b8afc784f6da2c05a22d64a7b35fd88ad
size 356
