version https://git-lfs.github.com/spec/v1
oid sha256:9f2e0c5f46a6ba98fd3c58056ec1631d020bc594da20916b9a5fcfd00fc34e0f
size 912
