version https://git-lfs.github.com/spec/v1
oid sha256:51664d8820f9f434c5e1e38d8cabec7cc6483aed29fe316ac149d57c08f24f40
size 5782
