version https://git-lfs.github.com/spec/v1
oid sha256:a70d24071ab4c9ed7bb9b2f774677a651e6b33d54da9b16b4a4777971b43c0b6
size 5664
