version https://git-lfs.github.com/spec/v1
oid sha256:f13eb699a075b4e9365087f8e8531a44f70e4207cb24ab51cfbb30df1b57ed1f
size 41567
