version https://git-lfs.github.com/spec/v1
oid sha256:e84981f8b3e0bdfaa9c7e7265e0a8be526cf9b9751f6f991fe75216695d2dd63
size 14113
