version https://git-lfs.github.com/spec/v1
oid sha256:2d8ab59f8013b0ba9277487cc756e6c2b68a76e967cdcb37b2cc379447b705aa
size 15128
