version https://git-lfs.github.com/spec/v1
oid sha256:e28a82c18d5090f8ac83c11d234fe61e0e0435ba6f0a2fcced647927e3836469
size 5664
