version https://git-lfs.github.com/spec/v1
oid sha256:da025e1f618583b1c90297fde5d75b3aaa4127ab2e1e8a852d6df488cdf819d7
size 38118
