version https://git-lfs.github.com/spec/v1
oid sha256:92f7a21c6a4bc3e2e782cc39460acd09f51f4dd2e35bc38462da350ed06185ee
size 37386
