version https://git-lfs.github.com/spec/v1
oid sha256:0f5b30e0c39b3ecb56bebc39ea0ea5daca4cc483c320708ff212d91a50b8fac8
size 13853
