version https://git-lfs.github.com/spec/v1
oid sha256:d40b496b423243215126d6f9c8c346ae02b609cf7fb90d5ea90f62ed48ebd3f4
size 9997
