version https://git-lfs.github.com/spec/v1
oid sha256:3699db441e5cb4854b23fe003f8e77b07ef2c6b382e218f70de563afdb9bee21
size 8043
