version https://git-lfs.github.com/spec/v1
oid sha256:9f115ee4315efe569bf8cab30af477952f39627fb68bb0ef2f32813b5e3e3421
size 8324
