version https://git-lfs.github.com/spec/v1
oid sha256:49a6fca3da8e4e59b3678210327adf4636631cadd8822a92b16a5cb603db160c
size 14092
