version https://git-lfs.github.com/spec/v1
oid sha256:a0b6b627aadce38372a4cc085242de2da2087c38bb1c40d98753250ea9edee6b
size 41056
