version https://git-lfs.github.com/spec/v1
oid sha256:44ea1374aa7026e5b2ba7ac487c0800178db0411bb0748d00361125571ec34cd
size 13941
