version https://git-lfs.github.com/spec/v1
oid sha256:9118566a82dd14145e5d5e0748054104058c1e65ba639f3d0e37cf60c866def9
size 41232
