version https://git-lfs.github.com/spec/v1
oid sha256:97788f901e207ed5f99e095c812347758fddf8048e9574cd9b90151d39fa20df
size 14283
