version https://git-lfs.github.com/spec/v1
oid sha256:085153cbe7fc60253a569d36e9fec3f6dc794dc54b0be346dc63ab28a9bc1d3d
size 172734
