version https://git-lfs.github.com/spec/v1
oid sha256:a3fa4b825fa54cd1266f3f3ab340a6a9f54720dbc215078da974f4bf70989323
size 10010
