version https://git-lfs.github.com/spec/v1
oid sha256:529a5f246e173a258cfa62b8ff6e5910b28525bc9b6c5366e2823e5bff37bf38
size 9985
