version https://git-lfs.github.com/spec/v1
oid sha256:37f0c6b92bcc36da96052065e8b26abe22cd440ce04498a29d14abaed0ca2259
size 126453
