version https://git-lfs.github.com/spec/v1
oid sha256:08d6c4799c7c48ae8b9ba8ce95fbf537f34c9c8f400b98d0c83c01a7ea91bf9c
size 27338
