version https://git-lfs.github.com/spec/v1
oid sha256:541465139ad808ca9350161d6de813a02694fbac19f7c0814092b64501c422c0
size 178609
