version https://git-lfs.github.com/spec/v1
oid sha256:dc730dc215f9c9fa94eaf5bceb6116a006f10fc5a3a65db32b606ab6abd83f87
size 179514
