version https://git-lfs.github.com/spec/v1
oid sha256:e46ddb981afe1e007380b5b21a2ce251fffa5dbd0ac1a1e6d73b9edfea45a312
size 182794
