version https://git-lfs.github.com/spec/v1
oid sha256:5b6b3fb4eae6b0e0901e1cb15947adbddc7479706a79d2f72f8630d633bf8330
size 179997
