version https://git-lfs.github.com/spec/v1
oid sha256:0c8f62d06bdf97fde92f207097f12e3d2c5dfd04772bb1dd1609a1f15f958c9c
size 5664
