version https://git-lfs.github.com/spec/v1
oid sha256:02de0f5a26bdadcf2fcbb8e7b5182f0ff60a9e787b0a92c4d2f2883b64ee3407
size 5664
