version https://git-lfs.github.com/spec/v1
oid sha256:ac8e89215ee8d999929ea33315c97e26bf4aee1f5a80a1e0f1ddef92e21c7b28
size 14788
