version https://git-lfs.github.com/spec/v1
oid sha256:2883d24c2485f2e2128c507cde157b9b79b6c96a32c722e619a641114d80f105
size 411385
