version https://git-lfs.github.com/spec/v1
oid sha256:e872d09c55fbd694f3943c9e420e5a5e055a8de01fb6dafc33f7d6d8f98bae12
size 1203
