version https://git-lfs.github.com/spec/v1
oid sha256:e077cf8aa4c5924ace1c2505c0837b9576deecc3bfd1782304c8e5f81c1264e9
size 5782
