version https://git-lfs.github.com/spec/v1
oid sha256:88abcda6dcd5969e64f56501a8dd23b692938172b574db6ea711eaea6cb067af
size 8288
