124.229316915471,124.229316915471,124.229316915471,124.229316915471,124.229316915471,124.229316915471,124.229316915471,124.229316915471,124.229316915471,124.229316915471,124.229316915471,30
73.3457062448439,73.3457062448439,73.3457062448439,73.3457062448439,73.3457062448439,73.3457062448439,73.3457062448439,73.3457062448439,73.3457062448439,73.3457062448439,73.3457062448439,56.6577145876944
0,0,0,0,0,0,0,0,0,0,0,0
174.880388253861,174.880388253861,174.880388253861,174.880388253861,174.880388253861,174.880388253861,174.880388253861,174.880388253861,174.880388253861,174.880388253861,174.880388253861,174.880388253861
105.979473642453,105.979473642453,105.979473642453,105.979473642453,105.979473642453,105.979473642453,105.979473642453,105.979473642453,105.979473642453,105.979473642453,105.979473642453,105.979473642453
0,0,0,0,0,0,0,0,0,0,0,0
119.806286475962,119.806286475962,119.806286475962,119.806286475962,119.806286475962,119.806286475962,119.806286475962,119.806286475962,119.806286475962,119.806286475962,119.806286475962,119.806286475962
176.053071219896,176.053071219896,176.053071219896,176.053071219896,176.053071219896,176.053071219896,176.053071219896,176.053071219896,176.053071219896,176.053071219896,176.053071219896,176.053071219896
116.911083656254,116.911083656254,116.911083656254,116.911083656254,116.911083656254,116.911083656254,116.911083656254,116.911083656254,116.911083656254,116.911083656254,116.911083656254,116.911083656254
0,0,0,0,0,0,0,0,0,0,0,0
168.53598183678,168.53598183678,168.53598183678,168.53598183678,168.53598183678,168.53598183678,168.53598183678,168.53598183678,168.53598183678,168.53598183678,168.53598183678,132.321226082725
195.339334619494,195.339334619494,195.339334619494,195.339334619494,195.339334619494,195.339334619494,195.339334619494,195.339334619494,195.339334619494,195.339334619494,195.339334619494,195.339334619494
100.394826632791,100.394826632791,100.394826632791,100.394826632791,100.394826632791,100.394826632791,100.394826632791,100.394826632791,100.394826632791,100.394826632791,100.394826632791,100.394826632791
81.3833554091909,81.3833554091909,81.3833554091909,81.3833554091909,81.3833554091909,81.3833554091909,81.3833554091909,81.3833554091909,81.3833554091909,81.3833554091909,81.3833554091909,81.3833554091909
181.262096165211,181.262096165211,181.262096165211,181.262096165211,181.262096165211,181.262096165211,181.262096165211,181.262096165211,181.262096165211,181.262096165211,181.262096165211,181.262096165211
161.252606682939,161.252606682939,161.252606682939,161.252606682939,161.252606682939,161.252606682939,161.252606682939,161.252606682939,161.252606682939,161.252606682939,161.252606682939,161.252606682939
0,0,0,0,0,0,0,0,0,0,0,0
129.187606817063,129.187606817063,129.187606817063,129.187606817063,129.187606817063,129.187606817063,129.187606817063,129.187606817063,129.187606817063,129.187606817063,129.187606817063,96.772653357392
0,0,0,0,0,0,0,0,0,0,0,0
171.457578339769,171.457578339769,171.457578339769,171.457578339769,171.457578339769,171.457578339769,171.457578339769,171.457578339769,171.457578339769,171.457578339769,139.643005187534,30
74.8012556286091,74.8012556286091,74.8012556286091,74.8012556286091,74.8012556286091,74.8012556286091,74.8012556286091,74.8012556286091,74.8012556286091,74.8012556286091,74.8012556286091,74.8012556286091
103.803515689012,103.803515689012,103.803515689012,103.803515689012,103.803515689012,103.803515689012,103.803515689012,103.803515689012,103.803515689012,103.803515689012,103.803515689012,103.803515689012
0,0,0,0,0,0,0,0,0,0,0,0
167.413361506635,108.041570642609,167.413361506635,167.413361506635,167.413361506635,167.413361506635,167.413361506635,167.413361506635,167.413361506635,167.413361506635,60.4369804625337,0
0,0,0,0,0,0,0,0,0,0,0,0
75.8971877647307,75.8971877647307,75.8971877647307,75.8971877647307,75.8971877647307,75.8971877647307,75.8971877647307,75.8971877647307,75.8971877647307,75.8971877647307,75.8971877647307,75.8971877647307
161.776697846932,161.776697846932,161.776697846932,161.776697846932,161.776697846932,161.776697846932,161.776697846932,161.776697846932,161.776697846932,161.776697846932,161.776697846932,161.776697846932
151.313824255439,151.313824255439,151.313824255439,151.313824255439,151.313824255439,151.313824255439,151.313824255439,151.313824255439,151.313824255439,151.313824255439,151.313824255439,30
165.039718193147,165.039718193147,165.039718193147,165.039718193147,165.039718193147,165.039718193147,165.039718193147,165.039718193147,165.039718193147,165.039718193147,165.039718193147,165.039718193147
160.103895340454,160.103895340454,160.103895340454,160.103895340454,160.103895340454,160.103895340454,160.103895340454,160.103895340454,160.103895340454,160.103895340454,160.103895340454,160.103895340454
0,0,0,0,0,0,0,0,0,0,0,0
118.670708970753,118.670708970753,118.670708970753,118.670708970753,118.670708970753,118.670708970753,118.670708970753,118.670708970753,118.670708970753,118.670708970753,43.5343762918825,30
190.864888080867,190.864888080867,190.864888080867,190.864888080867,190.864888080867,190.864888080867,190.864888080867,190.864888080867,190.864888080867,190.864888080867,190.864888080867,190.864888080867
0,0,0,0,0,0,0,0,0,0,0,0
109.045934927091,109.045934927091,109.045934927091,109.045934927091,109.045934927091,109.045934927091,109.045934927091,109.045934927091,109.045934927091,109.045934927091,109.045934927091,109.045934927091
0,0,0,0,0,0,0,0,0,0,0,0
111.398436186355,111.398436186355,111.398436186355,111.398436186355,111.398436186355,111.398436186355,111.398436186355,111.398436186355,111.398436186355,111.398436186355,111.398436186355,111.398436186355
0,0,0,0,0,0,0,0,0,0,0,0
30.9535254161171,30.9535254161171,30.9535254161171,30.9535254161171,30.9535254161171,30.9535254161171,30.9535254161171,30.9535254161171,30.9535254161171,30.9535254161171,30.9535254161171,30
0,0,0,0,0,0,0,0,0,0,0,0
154.758615591924,154.758615591924,154.758615591924,154.758615591924,154.758615591924,154.758615591924,154.758615591924,154.758615591924,154.758615591924,154.758615591924,154.758615591924,154.758615591924
0,0,0,0,0,0,0,0,0,0,0,0
119.894753967881,119.894753967881,119.894753967881,119.894753967881,119.894753967881,119.894753967881,119.894753967881,119.894753967881,119.894753967881,119.894753967881,119.894753967881,119.894753967881
185.685030245773,185.685030245773,185.685030245773,185.685030245773,185.685030245773,185.685030245773,185.685030245773,185.685030245773,185.685030245773,185.685030245773,185.685030245773,185.685030245773
0,0,0,0,0,0,0,0,0,0,0,0
120.235709402468,120.235709402468,120.235709402468,120.235709402468,120.235709402468,120.235709402468,120.235709402468,120.235709402468,120.235709402468,120.235709402468,120.235709402468,30
129.596170687968,129.596170687968,129.596170687968,129.596170687968,129.596170687968,129.596170687968,129.596170687968,129.596170687968,129.596170687968,129.596170687968,129.596170687968,129.596170687968
0,0,0,0,0,0,0,0,0,0,0,0
132.551163783225,132.551163783225,132.551163783225,132.551163783225,132.551163783225,132.551163783225,132.551163783225,132.551163783225,132.551163783225,132.551163783225,132.551163783225,132.551163783225
116.501589771915,116.501589771915,116.501589771915,116.501589771915,116.501589771915,116.501589771915,116.501589771915,116.501589771915,116.501589771915,116.501589771915,116.501589771915,116.501589771915
139.252924394659,139.252924394659,139.252924394659,139.252924394659,139.252924394659,139.252924394659,139.252924394659,139.252924394659,139.252924394659,139.252924394659,139.252924394659,139.252924394659
52.6261734834177,52.6261734834177,52.6261734834177,52.6261734834177,52.6261734834177,52.6261734834177,52.6261734834177,52.6261734834177,52.6261734834177,52.6261734834177,52.6261734834177,30
0,0,0,0,0,0,0,0,0,0,0,0
115.115201964256,115.115201964256,115.115201964256,115.115201964256,115.115201964256,115.115201964256,115.115201964256,115.115201964256,115.115201964256,115.115201964256,115.115201964256,115.115201964256
-68.1506537103925,-51.6024664166112,-59.5685640732512,-54.7205387819577,-60.1126609797506,-57.3357770984336,-59.3161871145637,-81.441958499894,-85.8492014127115,-67.2850914678867,-48.2407648427035,-34.9591086893057
-60.4850477936454,-45.7982055570914,-42.9346289744228,-48.5655562100063,-53.3511708899275,-50.8866317382913,-52.6442846433635,-72.2813426443038,-76.1928575558522,-59.7168442511113,-42.8146291818764,-31.0268976858464
-83.7084183377174,-63.382529893488,-73.1671672939572,-67.2124110722493,-73.8354733040369,-70.4246687855602,-72.8571764884928,-100.033927206667,-105.447277092198,-82.6452613120943,-59.2534026385822,-42.9397450435883
-90.6123115786082,-68.6100354229413,-79.2016656367393,-72.7557879478411,-79.9250905158344,-76.2329782062331,-78.8661081861383,-108.284274873201,-114.144093470332,-89.4614701509982,-64.14035635363,-46.4812217726788
-82.501191828077,-62.4684393891519,-72.1119646542871,-66.243086767304,-72.7706324852214,-69.4090179253614,-71.806444475858,-98.5912573870063,0,-81.4533674460604,-58.3988616034965,-42.3204764017573
-67.1500844276015,-50.844853099619,-58.693994686361,-53.9171467781823,-59.2301033106964,-56.493988880034,-58.4453230572456,-80.2462499106321,0,-66.2972301335164,-47.5325071099886,-34.445848604422
-92.5186837516521,-70.053506625068,0,-74.2864807108365,-81.6066166333447,-77.8368267979839,-80.5253546110781,-110.562443532627,-116.545545543657,-91.3436300284395,-65.4897909767122,-47.4591298098185
-59.9234104496252,-45.372943720187,-52.3773628060136,-48.1145979815577,-52.8557755647685,-50.4141210312959,-52.1554531505652,-71.6101701349679,-32.753148457771,-59.1623401046834,-42.4170715127322,-30.7387956665024
-73.1801505470753,-55.4107122290471,-63.9647053904761,-58.7588973555229,-64.5489564777663,-61.567139438269,-63.693703091513,-87.4523494550434,0,-72.2507100829585,-51.800918134946,-37.5390799293952
-93.3033429890779,-70.6476366846241,0,-74.9165110024699,-82.2987296528975,-78.4969678925425,-81.2082973506459,-111.500133511692,-117.533978746372,-92.11832353007,-66.0452157553968,-47.8616349373819
-60.5114661733796,-45.8182090857267,-52.8913657267774,-48.5867684492747,-53.3744733678662,-50.9088577662055,-52.6672783707932,-72.3129133552039,-76.2261367201641,-59.7429270984512,-42.8333295578068,-31.0404494708733
-59.6683890588207,-45.1798460455787,-52.1544558017354,-47.9098324049126,-52.6308325367359,-50.1995691697592,-51.9334905469567,-71.3054123608937,0,-58.9105576686782,-42.2365534065385,-30.6079778381494
-92.0106718816108,-69.6688490460748,-80.4239329338496,-73.8785802473365,-81.1585219540588,-77.4094316996503,-80.0831970454611,-109.955354981236,-115.905604310862,-90.8420702739615,-65.1301923547516,-47.1985359458813
-51.0050169923082,-38.6200943516835,-44.5820466473421,-40.9537085625402,-44.9892572968452,-42.9109938930322,-44.3931637773255,-60.9524377392803,-64.25088738604,-50.3572166487559,-36.1041442240608,-26.1639446675194
-62.0223035556809,-46.9621883586544,-54.211946066246,-49.7998725219483,-54.7071158358864,-52.1799392697186,-53.9822637449481,-74.1184067538784,-78.1293346452525,-61.2345757610339,-43.9027829952585,-31.8154607933499
-75.9686376197993,-57.5221051899256,-66.4020432855001,-60.9978709632363,-67.0085569206526,-63.9131194771837,-66.1207146015583,-90.7846703659967,-95.6974954310218,-75.0037813673891,-53.7747619914383,-38.9694847361977
-57.435249083702,-43.4889520585695,-50.2025311399751,-46.1167663672293,-50.6610790723731,-48.3208077951859,-49.9898356969233,-68.6367469369208,-72.3510340448,-56.7057801749072,-40.6558146383041,-29.4624483551842
-78.083126180637,-59.1231584301868,-68.2502580928544,-62.6956676386581,-68.8736532489043,-65.6920583163704,-67.9610989896413,-93.311543994415,-98.3611111773306,-77.0914144050466,-55.2715127909161,-40.0541498332451
-85.838873983921,-64.9956731276304,-75.029338480244,-68.9230282778704,-75.7146534882338,-72.217040881768,-74.7114581258562,-102.57988195365,-108.131006534457,-84.7486586416672,-60.7614558154902,-44.0326007454555
-71.6784137383019,-54.2736237490065,-62.6520796056271,-57.5531004510062,-63.2243412209527,-60.3037143316773,-62.386638570539,-85.657731499101,-90.2931115541855,-70.7680464100846,-50.7379065818136,-36.7687369104751
-57.3553592052619,-47.2180452703294,-52.1319759632735,-49.1514093239896,-52.4649012672803,-50.7626146524613,-51.9774523885095,-65.3667809113458,-68.010658628552,-56.8308632485172,-45.114858171974,-36.4761074089189
-78.7957064413598,-59.6627115668206,-68.8731043989013,-63.267823203854,-69.5021886084581,-66.2915586992599,-68.5813064532234,-94.1630975579105,-99.2587466803658,-77.7949443847397,-55.7759161226165,-40.4196807478907
-85.7235894636875,-64.9083817333469,-74.9285715329543,-68.8304623123668,-75.612966139636,-72.1200509455731,-74.611118102668,-102.442113691698,-107.985782923847,-84.6348383176287,-60.679851118722,-43.9734634686486
-58.8707553361693,-44.5758919358972,-51.4572666637316,-47.2693844461942,-51.9272753007406,-49.5285125204353,-51.2392552232175,-70.3522175050623,-74.1593375413589,-58.1230544671016,-41.6719445766871,-30.1988172140574
-76.410411763954,-57.8566087375269,-66.7881856037208,-61.3525868444781,-67.3982262475243,-64.2847881623404,-66.5052209323181,-91.312602961735,-96.2539971726138,-75.439944662666,-54.0874739236279,-39.1961007623221
-53.0994757581834,-40.2059813864042,-46.4127539759028,-42.6354226164116,-46.8366862336849,-44.6730814799304,-46.2161148613802,-63.4553751962711,-66.889271651675,-52.4250742842306,-37.5867168377688,-27.2383351194826
-74.1860134831931,-61.0739535348131,0,-63.5746539704857,-67.8604741865477,-65.6586597526554,-67.2299857789441,-84.5483483537688,0,-73.5076067107816,-58.3535962988331,-47.1798456769878
0,-70.8596693758854,-78.2339582149201,-73.7610503382114,-78.7335760375921,-76.178970779825,-78.0020661627213,-98.0953035439278,0,0,-67.7034365930188,-54.739345864862
0,-55.8007569162624,0,-58.0855439499334,-62.0013214331604,-59.9896142341118,-61.4252701324836,-77.2483450161921,0,0,-53.3152785074708,-43.1062825901341
0,-72.962313203156,-80.555421901844,-75.9497878605942,-81.0698650594362,-78.4394561036887,-80.3166488354315,-101.006119898246,0,0,-69.7124244177032,-56.3636456775105
-53.749034112335,-44.2491226821552,-48.854080825569,-46.0609228680777,-49.1660728306732,-47.5708206590072,-48.7092732085262,-61.256722749199,0,-27.1677874559328,-42.2781773919415,-34.1826041816038
-49.8840474836743,-41.0672558761571,-45.3410805965473,-42.74877309778,-45.6306378742579,-44.1500971279162,-45.2066858085505,-56.8518730946655,0,-49.4278742232539,-39.2380373596111,-31.7246007909089
-58.2416826340429,-47.9477148315392,-52.9375814433043,-49.9109555328374,-53.2756515062502,-51.547059128027,-52.7806699859342,-66.376906385033,0,-57.7090815401112,-45.8120267772799,-37.0397797323988
-62.6889397816736,-51.608938337683,-56.9798245036792,-53.7220894784894,-57.3437091453914,-55.4831237604123,-56.8109314968626,-71.4453583597689,0,-62.1156699791007,-49.3101719942182,-39.8680878737797
-5.98841631046616,-52.5083924250185,-57.9728838010853,-54.6583721170793,-58.3431103195895,-56.4500981654642,-57.8010472827336,-72.6905267679498,0,-63.1982381358939,-50.1695625799576,-40.5629193457562
-58.875614743846,-48.4696021577414,-53.5137810167797,-50.4542117698185,-53.8555308063161,-52.108123549062,-53.355161655264,-67.0993864097133,-69.8133424909751,-58.3372165485963,-46.3106681879644,-37.442939542529
-76.0411222266218,-62.6011797581747,-69.1160165513339,-65.164413156937,-69.5574053611175,-67.3005319610408,-68.9111508474427,-86.6625794993615,-90.167804319362,-75.3457510929242,-59.8127967818054,-48.3596333501565
-49.0170288220418,-40.3534790472357,-44.5530217881947,-42.0057703562764,-44.8375463635475,-43.3827384220029,-44.4209628729888,-55.863748886461,-58.123259280293,-48.5687841630415,-38.5560535922003,-31.1732056594781
-62.9434849001244,-51.8184936973372,-57.2111880620375,-53.9402251763868,-57.5765502380571,-55.7084100447042,-57.0416092741153,-71.7354584519029,-74.6369288546108,-62.3678873658925,-49.5103933349333,-40.0299701322064
-58.1441089204337,-47.8673868536444,-52.8488938199854,-49.8273384898388,-53.1863975058966,-51.4607010807097,-52.6922452402127,-66.2657035323516,-68.9459398013181,-57.6124001061249,-45.7352767697517,-36.977726084628
-58.6521131162074,-48.2856034849398,-53.3106338019204,-50.2626791887858,-53.651086252405,-51.910312443784,-53.1526165858876,-66.844665976791,0,-58.1157587700705,-46.1348651876548,-37.3007999153211
-49.6315777717336,-40.8594091038069,-45.1116034363181,-42.5324159460604,-45.3996952266399,-43.9266476913467,-44.9778888379836,-56.5641383027323,-58.8519772136678,-49.1777132640601,-39.0394485022707,-31.5640384222331
-71.5511576081352,-58.9047971436199,-65.0349554123181,-61.3166804974016,-65.4502817432626,-63.3266688924524,-64.8421863179334,-81.5454546555269,-84.8437081031857,-70.8968457288988,-56.2810585141525,-45.5041646728522
-57.5850477305619,-47.4071373331457,-52.3407466317148,-49.3482438461768,-52.6750051872813,-50.9659014989121,-52.1856042430771,-65.6285524305058,-68.2830179704082,-57.0584513475536,-45.2955276924203,-36.6221816979745
-51.8609691760013,-42.6947651317461,-47.1379629729061,-44.4429214502172,-47.4389955035754,-45.8997804261507,-46.9982420739554,-59.1049320752354,-61.4955379871686,-51.3867176148119,-40.793054066023,-32.9818574620819
-44.9222273672279,-36.9824162007027,-40.8311360921645,-38.4966778286585,-41.0918919554374,-39.7586162613315,-40.710109160151,-51.1969837701558,-53.2677384056282,-44.511428325106,-35.3351446930826,-28.5690476565711
-57.6240101058883,-47.439213275612,-52.3761606826794,-49.3816331525022,-52.7106453995119,-51.0003853217326,-52.220913323807,-65.6729570874905,-68.3292186540828,-57.0970574247309,-45.3261749076283,-36.6469604772727
-69.6200222773848,-57.314981706423,-63.2796896090962,-59.6617693536663,-63.6838064589045,-61.6175090162879,-63.0921232706316,0,-82.5538124846234,-68.9833699976513,-54.7620566673348,-44.2760266100511
-83.9897722880024,-69.1449399862833,-76.3407787999217,-71.9761105842321,-76.8283063973407,-74.3355198970262,-76.1144982912231,-95.7215004842999,-99.593129753167,-83.2217133553521,-66.0650847135135,-53.4147113308769
-46.7895266025157,-38.5196782987313,-42.5283793872833,-40.0968838131689,-42.7999741882631,-41.4112777185203,-42.4023216829586,-53.3251081808521,-55.4819386583723,-46.3616517210562,-36.8039340325959,-29.7565880785078
-85.5080325533923,-70.3948542564872,-77.720770290831,-73.2772031551542,-78.2171107920033,-75.6792628682509,-77.4903993709331,-97.4518320088392,-101.393447666776,-84.7260896283563,-67.2593252777837,-54.3802745368689
-50.7724328983209,-41.7986229760678,-46.1485602762881,-43.5100863518125,-46.4432742819548,-44.9363665732035,-46.0117720503991,-45.5022324771529,-60.2047768410101,-50.3081356445289,-39.9368278918158,-32.2895844690548
-82.3209665851054,-67.7710885394677,-74.8239521250254,-70.5460061733827,-75.3017929616313,-72.8585360196727,-74.6021676185552,-93.8195952695755,-97.6142985410577,-81.5681683335124,-64.7524273847826,-52.3534062164647
-80.8278110455269,-66.5418418423781,-73.4667790591197,-69.2664274186311,-73.9359527150326,-71.5370120971994,-73.249017328112,-92.1178751099495,-95.8437492307802,-80.0886672118324,-63.5779338181798,-51.4038087839918
-86.098735109821,-70.8811526676073,-78.257677249481,-73.783413272954,-78.7574465466874,-76.2020667816376,-78.0257148920627,-98.1250441571871,-102.093889098457,-85.3113904035604,-67.7239629755396,-54.7559417838982
0,-42.032551763819,-46.4068337789362,-43.7535934587585,0,0,0,0,0,0,-40.1603370189157,-32.470295287116
-67.5514333565843,-55.6120070121401,-61.3994881877933,-57.8890655962813,-61.7915976924318,-59.7866952315611,-61.2174949249609,0,-80.1009275775324,-66.9336976443723,-53.1349359052792,-42.9604726198828
0,-51.9245582329735,-57.3282906187125,-54.0506325720334,0,-55.8224366444919,-57.1583647289331,0,0,0,-49.6117335419434,-40.1119053620957
0,-43.3729657527805,-47.8867431960522,-45.1488913000363,0,-46.6288922855157,0,0,-62.4723863648337,0,-41.441046261696,-33.5057698467649
0,-58.2157511205482,-64.2742011179227,-60.5994211756917,0,-62.5858974872248,0,0,-83.8512385169037,0,-55.6227039925523,-44.9718741766371
0,-59.3627197920883,-65.5405335735131,-61.7933529942138,-19.9765396006017,-63.8189669283358,-65.3462659028065,0,-85.5032784167167,0,-56.7185843630333,-45.857911542611
-109.999811822249,-101.369942970853,-105.524257689061,-102.9960156702,-105.808003869967,-104.359860741909,-105.392643270156,0,-119.229592874375,-109.548421678849,-99.6168177985715,-92.6904428006146
-73.1208160060512,-67.3842329884461,-70.1457548229758,-68.4651417708499,-70.3343710755203,-69.371738454036,-70.0582660032314,0,-79.2561821572155,-72.8207608052676,-66.2188678752302,-61.614658255009
-88.2601939470886,-81.3358739328605,-84.6691580237347,-82.6405806358898,-84.896826531014,-83.7348846037664,-84.5635549872724,0,-95.6658635773804,-87.8980134947561,-79.9292245472314,-74.3717313975359
-67.3228477295398,-62.0411355430931,-64.5836880489685,-63.0363358340919,-64.7573483545143,-63.8710457537568,-64.5031364795058,-71.5650553643825,-72.9717223417382,-67.0465848033829,-60.9681757164432,-56.729047652673
-39.5016796407242,-36.4026351145376,-37.8944777496011,-36.9865688665874,-37.996372930618,-37.4763348962718,-37.8472141177318,0,-42.8161567133239,-39.339582373991,-35.7730759564051,-33.2857676446151
-58.5630895746971,-53.9686109643259,-56.1803375203406,-54.8343200920899,-56.3314018970303,-55.560421162422,-56.1102669731649,-62.253319475723,-63.4769570218884,-58.3227727872123,-53.0352600358182,-49.3477090053786
-96.1319570240967,-88.5900697444481,-92.2206432639797,-7.08731646915828,-92.46861710336,-91.2030437296869,-92.1056216884675,-102.189510080651,-104.198124599716,-95.7374743686488,-87.0579639078313,-81.0048082468713
-62.5274959419909,-57.6219958266132,-59.9834443816729,-58.5463088088401,-60.1447350046412,-59.3215630185887,-59.9086304351069,-66.4675345710509,-67.7740058016157,-62.2709109997794,-56.6254620573304,-52.6882836439955
-43.0870639165442,-39.706733490231,-41.3339837630051,-40.3436682010188,-41.445127497074,-40.8778880219756,-41.2824302304516,-45.8021046148229,-46.7023807024612,-42.9102538326198,-39.0200321668337,-36.3069624142311
-74.6861203055137,-68.8267337067651,-71.647371703241,-69.9307816068216,-71.8400256819376,-70.8567858918862,-71.5580100019674,-79.3923090729537,-80.9528268264902,-74.3796417943581,-67.6364215111479,-62.9336491353693
-64.029291125249,-59.0059699403761,-61.4241361364043,-59.9524832164675,-61.5893006627974,-60.7463576031553,-61.3475252967611,-68.0639622187285,-69.4018124797753,-63.7665434857392,-57.9855012670623,-53.9537590864169
-91.555070839799,-84.3722562427662,-87.8299765062421,-85.7256694778722,-88.066144198378,-86.8608253484708,-87.7204311602394,-97.3242210410128,-99.2372045095254,-91.1793696829449,-82.9130946616662,-77.1481324940428
-75.6931905143622,-69.7547957456674,-72.6134673216701,-70.8737306654906,-72.8087190532259,-71.8122212241082,-72.5229006641504,0,-82.0443975210923,-75.3825794364462,-68.5484333395622,-63.7822486197059
-96.3593999552031,-88.7996689844234,-92.4388322415246,-90.2241022356896,-92.6873927733911,-91.4188251226164,-92.3235385312812,-102.43128484963,-104.444651640342,-95.963983975456,-87.2639382695348,-81.1964611746981
-97.2746187509952,-89.6430856739467,-93.3168135984845,-91.0810481510644,-93.5677349510988,-92.2871184814413,-93.2004248319136,-103.40417423266,-105.436663922959,-96.8754471217008,-88.0927686331138,-81.9676628161927
-50.9283212016172,-46.9328167956468,-48.8562043981944,-47.685664926545,-48.987574774212,-48.3171054602202,-48.7952688266723,-54.1374622334875,-55.2015762759338,-50.7193340967351,-46.1211452082003,-42.9143338072061
-46.0695787226584,-42.4552596085672,-44.1951492118188,-43.1362833575204,-44.3139863880102,-43.7074822246432,-44.1400271099507,-48.9725563176703,-49.935150106189,-45.8805297288329,-41.7210243694596,-38.8201541502754
-97.5763824542837,-89.9211749623398,-93.606299464501,-91.363598262721,-93.8579992211592,-92.5734100444036,-93.4895496386355,0,-105.763747786935,-97.1759725214045,-88.3660485537857,-82.2219415355432
-84.0516497431256,-77.4575046985982,-80.6318465436711,-78.6999985785264,-80.848659047424,-79.7421224364868,-80.5312790167307,0,-91.1041920279494,-83.7067392782619,-76.1179291075549,-70.825436005307
-38.1235710932054,-35.1326439885948,-36.5724402016926,-35.6962058450138,-36.6707805308352,-36.1688852404605,-36.5268254722412,-40.5258477320188,-41.3224148756299,-37.967128969009,-34.5250484751702,-32.124515735355
-103.113221573036,-95.0236297430232,-98.9178616233002,-96.5479013918929,-99.183843740339,-97.8263622977862,-98.7944869873454,-109.610684329925,-111.765167816693,-102.690090923072,-93.3802598013834,-86.8875137863597
-75.0014299688022,-69.1173062273561,-71.9498523857941,-70.2260151938891,-72.1433197105436,-71.1559288813718,-71.8601134175287,-79.7274873114147,-81.2945932546363,-74.6936575674865,-67.9219687748895,-63.1993422472516
-77.1543859191893,-71.101355275205,-74.0152111781252,-72.2418903224906,-74.2142320853624,-73.198497677116,-73.9228962050317,-82.0161072522335,-83.6281978053052,-76.8377787473492,-69.8717050252081,-65.0135129905077
-81.7281724763436,-75.3163123263025,-78.4029044230176,-76.5244593933727,-78.613723481964,-77.5377753564193,-78.3051169291085,-86.8781013482437,-88.5857581871812,-81.3927965253964,-74.0137672211858,-68.867576867846
-93.103053949957,-85.7987946794876,-89.3149769431391,-87.1750909816896,-89.555137681157,-88.3294396954477,-89.2035794403541,-98.9697470506468,-100.915074616238,-92.7210005611627,-84.3149620729401,-78.4525278157392
-100.113699643992,-92.2594307698613,-96.0403810190975,-93.7393619726965,-96.2986258238826,-94.9806329676923,-95.9205953014248,-106.42215383607,-108.513964269222,-99.7028776935722,-90.6638657954439,-84.359991137116
-65.2137312561494,-60.0974866123845,-62.5603850401058,-61.0615088798911,-62.7286048477589,-61.8700686811127,-62.4823570216787,-69.3230373529863,-70.6856357177599,-64.9461232028656,-59.0581408903363,-54.9518178865663
-43.1855449559368,-39.7974883486399,-41.4284579116986,-40.4358788558233,-41.5398556791005,-40.9713197050529,-41.3767865469001,-45.9067912297562,-46.8091250144569,-43.0083307497711,-39.109217480838,-36.3899466575452
-91.1409642771866,-83.9906377841482,-87.4327186664337,-85.3379294871812,-87.6678181644183,-86.467951010864,-87.3236687975931,-96.8840204244381,-98.7883514065159,-90.7669624288821,-82.5380760383288,-76.7991889820556
-61.4555077240275,-56.6341088228066,-58.9550720683202,-57.5425751345131,-59.1135974814414,0,0,-65.3279972704792,-66.6120700066668,-61.203321743118,-55.6546598966537,-51.7849815296189
-98.9615908043349,-91.1977088865464,-94.9351479458062,-92.6606090354205,-95.1904208683868,-57.2324849486849,-94.8167407226321,-74.5336329986693,-107.265185152025,-98.5554965944974,-89.6205056799769,-83.3891760354061
-64.3904872193949,-59.338828941299,-61.7706362720275,-60.2906816002319,-61.936732509217,0,-50.3949405509142,-68.4479183249645,-69.7933155427298,-64.1262573922883,-58.3126036948214,-54.258118024397
-72.3497379515273,-54.7819385381036,-63.2388651642717,-58.0921300955519,-63.8164864556647,-60.8685056191365,-62.9709380669964,-86.4599829191068,-91.1387769213782,-71.4308443237104,-51.213106623783,-37.1131047904318
-87.7228561689339,-66.4221910278805,-76.6760741664152,-70.4357433379138,-77.3764303929842,-73.8020525689097,-76.3512170088981,-104.831293944185,-110.504253998032,-86.6087129000041,-62.0950415788971,-44.9990234338491
-91.6821546131381,-69.4201015962604,-80.1367852560102,-73.6148022650094,-80.8687514806952,-77.13304707452,-79.7972659397978,-109.562767554868,-115.491771961307,-90.5177254107134,-64.8976498414765,-47.0300170796698
-54.5196973186997,-44.8835744695824,-49.5545593215054,-46.7213525686644,-49.8710247234432,-48.2528995425431,-49.4076754271061,-62.1350325299224,-64.6481963368803,-54.0211325602738,-42.8843694154118,-34.6727204371897
-71.5126364416597,-54.1481001198574,-62.5071783467356,-57.4199920727854,-63.0781164396977,-60.1642443543438,-62.2423512216787,-85.459622941394,0,-70.6043746041579,-50.6205603327584,-36.6836984520597
0,-56.1737674135848,-62.0197103841501,-58.4738275294647,0,-60.3906259242082,0,0,-80.9100609221035,0,-53.6716743639069,-43.3944345220298
124.855578999416,106.337017649407,115.560076784843,110.039671434589,116.165329844974,113.04807400521,115.278459222484,138.48318924707,142.845402699346,123.939308628764,102.158637049065,80.9132567880776
63.5944541736429,54.1621339635829,58.8598448406597,56.0480588725832,59.1681269238828,57.5803710123082,58.7164045930758,70.5355972313734,72.7574649741656,63.1277572541776,52.0339004017514,41.212691031401
97.6014768933232,65.014448776927,80.266495357152,70.9093816410823,81.3343843680536,75.9234572518663,79.7724681405967,126.739196174927,137.034861471162,95.802982291565,58.7220994742153,32.3540522060983
63.3242753939638,42.1816655852112,52.0772617248409,46.0063244326044,52.7701128985012,49.259479148393,51.7567346538473,82.2289581802396,88.908831941734,62.1574040403594,38.099161172338,20.991453994584
89.6796401860492,59.7375424921258,73.7516547059237,65.1540123551401,74.7328683648212,69.7611198595913,73.297725273368,116.452392650363,125.912408918881,88.0271206351564,53.9559125480535,29.7280313040226
91.6093275219399,61.0229488450633,75.3386106057441,66.555967941306,76.3409375916736,71.2622091731895,74.8749137178821,118.958164382557,128.621737150107,89.9212497769793,55.1169123125977,30.3677060998773
79.4454368562129,52.920318928106,65.3351464705381,57.7186634976532,66.204384433789,61.8000098051912,64.9330192764897,103.162893917348,111.543337054276,77.9815021508355,47.7984861944457,26.3354807058051
77.0941301361159,51.3540628100796,63.4014549328765,56.0103931837437,64.244966496409,59.97094593309,63.0112292955583,100.109633524664,108.242044892305,75.6735227714487,46.3838183891334,25.5560427014221
101.693305549282,67.7401040951101,83.6315750287923,73.8821751787503,84.7442340472315,79.1064600908727,83.1168362944827,132.052589898555,142.779889014607,99.8194111484298,61.1839553499138,33.7104582991947
83.3840443812754,55.7663349830773,68.6925395045781,60.7623273203538,69.5975820959817,65.0117876462418,68.273848359964,108.07844304725,116.804083544349,81.8598089987737,50.4335297375812,28.0864453625443
84.1648775416417,56.2885476427052,69.3357970140087,61.3313239482436,70.2493146952471,65.6205774930951,68.9131851201422,109.090521951293,117.897871958839,82.6263687625965,50.9058044120185,28.3494552472126
78.7933556794587,52.6961326938006,64.9106881043169,57.4170718629647,65.7659037914268,61.4325791628077,64.5150479009398,102.12821010894,110.373462546868,77.3530367128767,47.6569237708522,26.5401528031374
82.0010852672193,54.8414270849942,67.5532451194182,59.7545588080146,68.4432772024005,63.9335400640625,67.1414981418652,106.285917043573,114.866839157904,80.5021299635366,49.5970686361542,27.6206199653261
81.7741462115018,54.6896527318095,67.3662906467048,59.589187299741,68.2538595544766,63.756603171538,66.9556831841958,105.991769404291,114.54894370656,80.2793392858567,49.4598081122725,27.5441795451434
92.7765107547889,62.047913551126,76.4301393319244,67.6066597147297,77.4371268717824,72.3347837167761,75.9642863768482,120.25251243373,129.961018244744,91.0805838972372,56.1144155194204,31.2501320795496
59.1764516749796,50.3994089540926,54.7707627822316,52.1543158196406,55.0576280448896,53.5801759275019,54.6372875446548,65.635383071786,67.7028943165642,58.7421768933108,48.4190269827196,38.3495833230431
