30,124.229316915471,124.229316915471,124.229316915471,124.229316915471,124.229316915471,30,30,30,30,30,124.229316915471
56.6577145876944,73.3457062448439,73.3457062448439,73.3457062448439,73.3457062448439,73.3457062448439,73.3457062448439,73.3457062448439,73.3457062448439,73.3457062448439,56.6577145876944,73.3457062448439
0,0,0,0,0,0,0,0,0,0,0,0
174.880388253861,174.880388253861,174.880388253861,174.880388253861,174.880388253861,174.880388253861,174.880388253861,174.880388253861,174.880388253861,174.880388253861,174.880388253861,174.880388253861
105.979473642453,105.979473642453,105.979473642453,105.979473642453,105.979473642453,105.979473642453,105.979473642453,105.979473642453,105.979473642453,105.979473642453,105.979473642453,105.979473642453
0,0,0,0,0,0,0,0,0,0,0,0
30,119.806286475962,119.806286475962,119.806286475962,119.806286475962,119.806286475962,119.806286475962,119.806286475962,119.806286475962,119.806286475962,119.806286475962,119.806286475962
176.053071219896,176.053071219896,176.053071219896,176.053071219896,176.053071219896,176.053071219896,176.053071219896,176.053071219896,176.053071219896,176.053071219896,176.053071219896,176.053071219896
116.911083656254,116.911083656254,116.911083656254,116.911083656254,116.911083656254,116.911083656254,116.911083656254,116.911083656254,116.911083656254,116.911083656254,116.911083656254,116.911083656254
0,0,0,0,0,0,0,0,0,0,0,0
132.321226082725,168.53598183678,168.53598183678,168.53598183678,168.53598183678,168.53598183678,168.53598183678,168.53598183678,168.53598183678,168.53598183678,155.643067052884,168.53598183678
195.339334619494,195.339334619494,195.339334619494,195.339334619494,195.339334619494,195.339334619494,195.339334619494,195.339334619494,195.339334619494,195.339334619494,195.339334619494,195.339334619494
100.394826632791,100.394826632791,100.394826632791,100.394826632791,100.394826632791,100.394826632791,100.394826632791,100.394826632791,100.394826632791,100.394826632791,100.394826632791,100.394826632791
81.3833554091909,81.3833554091909,81.3833554091909,81.3833554091909,81.3833554091909,81.3833554091909,81.3833554091909,81.3833554091909,81.3833554091909,81.3833554091909,81.3833554091909,81.3833554091909
181.262096165211,181.262096165211,181.262096165211,181.262096165211,181.262096165211,181.262096165211,181.262096165211,181.262096165211,181.262096165211,181.262096165211,181.262096165211,181.262096165211
161.252606682939,161.252606682939,161.252606682939,161.252606682939,161.252606682939,161.252606682939,161.252606682939,161.252606682939,161.252606682939,161.252606682939,161.252606682939,161.252606682939
0,0,0,0,0,0,0,0,0,0,0,0
30,129.187606817063,129.187606817063,129.187606817063,129.187606817063,129.187606817063,129.187606817063,129.187606817063,129.187606817063,129.187606817063,129.187606817063,129.187606817063
0,0,0,0,0,0,0,0,0,0,0,0
61.8145731522348,171.457578339769,171.457578339769,171.457578339769,171.457578339769,171.457578339769,103.261722449169,89.6111344727283,171.301273130036,124.083523563795,30,139.643005187534
74.8012556286091,74.8012556286091,74.8012556286091,74.8012556286091,74.8012556286091,74.8012556286091,74.8012556286091,74.8012556286091,74.8012556286091,74.8012556286091,74.8012556286091,74.8012556286091
103.803515689012,114.217004760153,103.803515689012,103.803515689012,103.803515689012,103.803515689012,74.9229296140966,74.9229296140966,74.9229296140966,74.9229296140966,74.9229296140966,74.9229296140966
0,0,0,0,0,0,0,0,0,0,0,0
30,136.976381044101,167.413361506635,167.413361506635,167.413361506635,167.413361506635,60.4369804625336,0,0,0,0,0
0,0,0,0,0,0,0,0,0,0,0,0
75.8971877647307,95.920679156123,75.8971877647307,75.8971877647307,75.8971877647307,75.8971877647307,75.8971877647307,75.8971877647307,75.8971877647307,75.8971877647307,75.8971877647307,75.8971877647307
161.776697846932,161.776697846932,161.776697846932,161.776697846932,161.776697846932,161.776697846932,161.776697846932,161.776697846932,161.776697846932,161.776697846932,161.776697846932,161.776697846932
30,151.313824255439,151.313824255439,151.313824255439,151.313824255439,151.313824255439,146.700404061744,146.700404061744,146.700404061744,146.700404061744,146.700404061744,146.700404061744
165.039718193147,165.039718193147,165.039718193147,165.039718193147,165.039718193147,165.039718193147,165.039718193147,165.039718193147,165.039718193147,165.039718193147,165.039718193147,165.039718193147
160.103895340454,160.103895340454,160.103895340454,160.103895340454,160.103895340454,160.103895340454,160.103895340454,160.103895340454,160.103895340454,160.103895340454,160.103895340454,160.103895340454
0,0,0,0,0,0,0,0,0,0,0,0
30,118.670708970753,118.670708970753,118.670708970753,118.670708970753,118.670708970753,0,0,0,0,0,0
183.745888794765,190.864888080867,190.864888080867,190.864888080867,190.864888080867,190.864888080867,190.864888080867,190.864888080867,190.864888080867,190.864888080867,190.864888080867,190.864888080867
0,0,0,0,0,0,0,0,0,0,0,0
109.045934927091,109.045934927091,109.045934927091,109.045934927091,109.045934927091,109.045934927091,109.045934927091,109.045934927091,109.045934927091,109.045934927091,109.045934927091,109.045934927091
0,0,0,0,0,0,0,0,0,0,0,0
111.398436186355,111.398436186355,111.398436186355,111.398436186355,111.398436186355,111.398436186355,111.398436186355,111.398436186355,111.398436186355,111.398436186355,111.398436186355,111.398436186355
0,0,0,0,0,0,0,0,0,0,0,0
30,30.9535254161171,30.9535254161171,30.9535254161171,30.9535254161171,30.9535254161171,30.9535254161171,30.9535254161171,30.9535254161171,30.9535254161171,30,30.9535254161171
0,0,0,0,0,0,0,0,0,0,0,0
154.758615591924,154.758615591924,154.758615591924,154.758615591924,154.758615591924,154.758615591924,154.758615591924,154.758615591924,154.758615591924,154.758615591924,154.758615591924,154.758615591924
0,0,0,0,0,0,0,0,0,0,0,0
119.894753967881,119.894753967881,119.894753967881,119.894753967881,119.894753967881,119.894753967881,119.894753967881,119.894753967881,119.894753967881,119.894753967881,119.894753967881,119.894753967881
185.685030245773,185.685030245773,185.685030245773,185.685030245773,185.685030245773,185.685030245773,185.685030245773,185.685030245773,185.685030245773,185.685030245773,185.685030245773,185.685030245773
0,0,0,0,0,0,0,0,0,0,0,0
30,120.235709402468,120.235709402468,120.235709402468,120.235709402468,120.235709402468,0,0,0,0,30,56.4923397508452
129.596170687968,129.596170687968,129.596170687968,129.596170687968,129.596170687968,129.596170687968,129.596170687968,129.596170687968,129.596170687968,129.596170687968,129.596170687968,129.596170687968
0,0,0,0,0,0,0,0,0,0,0,0
132.551163783225,132.551163783225,132.551163783225,132.551163783225,132.551163783225,132.551163783225,132.551163783225,132.551163783225,132.551163783225,132.551163783225,132.551163783225,132.551163783225
116.501589771915,116.501589771915,116.501589771915,116.501589771915,116.501589771915,116.501589771915,83.4857896374368,83.4857896374368,83.4857896374368,83.4857896374368,116.501589771915,116.501589771915
139.252924394659,139.252924394659,139.252924394659,139.252924394659,139.252924394659,139.252924394659,139.252924394659,139.252924394659,139.252924394659,139.252924394659,139.252924394659,139.252924394659
30,52.6261734834177,52.6261734834177,52.6261734834177,52.6261734834177,52.6261734834177,30.4129138673781,30.4129138673781,30.4129138673781,30.4129138673781,30,52.6261734834177
0,0,0,0,0,0,0,0,0,0,0,0
115.115201964256,115.115201964256,115.115201964256,115.115201964256,115.115201964256,115.115201964256,115.115201964256,115.115201964256,115.115201964256,115.115201964256,115.115201964256,115.115201964256
-32.2413835401853,-65.2495814838327,-63.1751906783894,-62.6358295543081,-61.5488227433243,-65.5718440188233,-39.9000185842321,-38.2469684902278,-40.0681160415447,-39.0198819972254,-37.623401536052,-43.878486033855
-28.6148630745119,-57.9102890389905,-56.0692263319015,-55.5905327084079,-54.6257927487038,-58.1963033876399,-35.4120525577086,-33.944938032791,-35.5612423627359,-34.630913997303,-33.3915100761623,-38.9430207984316
-39.6016043021032,-80.1450751510068,-77.5971322644151,-76.9346431443319,-75.5994891008146,-80.5409053540186,-49.0085900206454,-46.9781735643316,-49.2150615878591,-47.9275315478599,-46.2122556953184,-53.8952814826415
-42.8677662210476,-86.7550798985986,-83.9969941611178,-83.2798659229012,-81.8345943886985,-87.1835563935531,-53.0505977435014,-50.8527216848287,-53.2740981554314,-51.8803784380126,-50.0236343604134,-58.3403215029025
-39.0304776760461,-78.9892384829541,-76.4780415325398,-75.8251067015471,-74.5092079896654,-79.3793600998538,-48.3017976782751,-46.3006634927335,-48.5052915527504,-47.2363300202814,-45.5457915420883,-53.1180142275383
-31.768024353609,-64.2916049510597,-62.2476697848132,-40.2670115667533,-60.6451797395371,-64.6091361155359,-39.3142174098542,-37.6854369458082,-39.4798469062134,-38.4470027478133,-37.0710250313297,-43.2342740870787
-43.7696515743802,-88.5803006363503,-85.7641881494223,-85.0319724104674,-83.5562941314495,-89.0177917525252,-54.1667174135512,-51.9226007316667,-54.3949200006994,-52.9718781256176,-51.0760704243194,-59.5677304889661
-28.3491581394427,-57.3725597635129,-55.5485923486773,-55.074343661992,-54.118561849936,-57.6559183096957,-35.0832319339295,-33.6297403841968,-35.2310364285552,-34.3093466799588,-33.0814513142682,-38.5814131686588
-34.620787517948,-70.0649801014657,-67.8374999061779,0,-66.0911065283717,-70.4110255103111,-42.8446274225532,-41.0695827508591,-43.0251304194134,-41.8995370318894,-40.3999967513369,-47.1167045202618
-44.1408659068164,-89.3315580940854,-86.4915619051104,-85.7531361789393,-84.2649425403621,-89.7727596115725,-54.6261101919187,-52.362960955604,-54.8562481856329,-53.4211373650446,-51.5092511489548,-60.072929742623
-28.6273613422048,-57.9355828274912,-56.0937159895388,-55.6148132844558,-54.6496519500892,-58.2217221001664,-35.4275196704209,-33.9597643459993,-35.576774637882,-34.6460399279238,-33.4060946656644,-38.960030151139
-28.2285101041821,-57.1283942549892,-55.3121892606069,0,-53.8882446699264,-57.4105468869892,-34.933925101515,-33.4866193051256,-35.0811005713989,-34.1633333398924,-32.9406636377876,-38.4172188150389
-43.5293163075378,-88.0939140779781,-85.2932646144386,-84.5650694070319,-83.0974939462957,-88.5290029693153,-53.8692927822072,-51.637498345581,-54.0962423292305,-52.6810142506144,-50.7956162609174,-59.2406493748308
-24.1299565857562,-48.8338090851854,-47.2813025057189,-46.8776361899758,-46.0641032618752,-49.0749954154446,-29.8617990449567,-28.6246304553182,-29.9876058156888,-29.2030910336352,-28.1579431770312,-32.83934641719
-29.3421231949175,-59.3821061037639,-57.4942519274114,-57.0033920817222,-56.0141328049964,-59.6753896407752,-36.3120664260214,-34.8076644996837,-36.4650479596788,-35.5110748639776,-34.2401709128499,-39.9327758750531
-35.9399924897828,-72.7347654162406,-70.4224083836839,-69.8211738019048,-68.6094697019734,-73.0939966841193,-44.4771970307096,-42.6345153142223,-44.6645779892789,-43.4960945204038,-41.9394151296405,-48.9120591414523
-27.1720342155915,-54.9903157357352,-53.2420837508466,-52.7875269884226,-51.8714314919679,-55.2619085666153,-33.6264933799196,-32.2333542282331,-33.768160683246,-32.8847416673502,-31.7078314139452,-36.9794218772973
-36.9403355968499,-74.7592433358997,-72.3825248425203,-71.764555675452,-70.5191253624583,-75.1284733404995,-45.7151621606128,-43.8211917869526,-45.9077586252887,-44.7067519335959,-43.1067443896922,-50.2734629099288
-40.609501275425,-82.1848404608949,-79.5720501023675,-78.8927000295335,-77.5235650970321,-82.5907449038421,-50.255903366129,-48.1738109578692,-50.4676298231721,-49.1473309685441,-47.388399780047,-55.2669655858482
-33.9103310543338,-68.6271700008064,-66.4454001378298,-65.8781194486299,-64.7348446641333,-68.9661141790028,-41.965408760421,-40.2267899487555,-42.1422076381662,-41.0397126592834,-39.5709445870239,-46.1498181589026
-34.5969043163123,-55.5956187938952,-54.3338854212239,-54.005295540455,-53.3423532438403,-55.7913611671505,-39.772622543138,-38.6839459714011,-39.8826434654369,-39.1945471859925,-38.2698562886264,-42.3475564946549
-37.277450095953,-75.4414901120404,-73.0430818789373,-72.4194731754963,-71.1626771667299,-75.8140896796407,-46.1323550134711,-44.2211004201763,-46.326709097824,-45.1147421167146,-43.500133034059,-50.7322544447979
-40.5549613373505,-82.0744634316624,-79.4651821392372,-78.7867444566011,-77.4194483187682,-82.4798227311705,-50.1884079827488,-48.1091118952377,-50.3998500839763,-49.0813244355072,-47.324755551276,-55.1927401758839
-27.8511576742865,-56.3647146166169,-54.5727882457003,-54.1068705318577,-53.1678786288583,-56.6430954951345,-34.4669361788197,-33.0389776436586,-34.612144239833,-33.7066455160731,-32.5003201899678,-37.9036659985359
-36.1489913598502,-73.1577338904533,-70.8319299990209,-70.227199107434,-69.0084486847241,-73.5190541662553,-44.7358416012622,-42.8824442899749,-44.9243122208443,-43.7490337665569,-42.1833019466975,-49.1964933993655
-25.1208237998353,-50.839109848539,-49.222851481382,-48.8026091010996,-47.9556694363079,-51.0902002010574,-31.0880373733145,-29.8000659656351,-31.2190102455266,-30.4022803215296,-29.3142147439056,-34.1878540939832
-44.7491994758743,-71.9098857125105,-70.2779027506009,-69.8528897498469,-68.9954102250613,-72.1630677436714,-51.4437073210153,-50.0355638458662,-51.586013353759,-50.6959985308737,-49.499961537464,-54.7742432551017
-51.9192437392893,-83.4318139162495,-81.5383426995536,0,-80.0503598348946,-83.725562625505,-59.68639462908,-58.0526281000147,-59.8515019759406,-58.8188824640345,-57.4312076696391,-63.550573407016
-40.8855012264311,-65.7011020292431,-64.2100263860545,0,-63.0382657659765,-65.9324240275533,-47.0019974301325,-45.7154347104746,-47.1320165934789,-46.3188466919204,-45.2260769321558,-50.0449709941888
-53.4598616722616,-85.9075153988293,-83.9578585464825,0,-82.4257222442895,-86.2099806165829,-61.4574899551553,-59.7752440987407,-61.6274965902396,-60.5642357973093,-59.1353840419376,-65.4363318655397
-32.4215594853786,-52.0999406586455,-50.917541123047,-50.6096119433656,-49.9883533790572,-52.2833753654125,-37.2718447836349,-36.2516207801172,-37.374947935418,-36.7301169918253,-35.8635677578116,-39.6848749645075
-30.0901893322068,-48.3535370753025,-47.2561615493499,-46.9703749473296,-46.3937898563895,-48.5237813554767,-34.5917002174426,-33.6448385021399,-34.6873894257084,-34.0889269986089,-33.2846896043864,-36.8312141754165
-35.1315369519323,-56.4547486146719,-55.1735174328234,-54.8398497892471,-54.1666629174512,-56.653515832577,-40.387236550835,-39.2817364500457,-40.4989576476675,-39.8002280836935,-38.8612477595314,-43.0019614533705
-37.8141342216309,-60.7655578657005,-59.3864935809342,-59.0273475214584,-58.302756998671,-60.9795026830595,-43.471152026841,-42.2812374139259,-43.5914039975075,-42.8393203766604,-41.8286407682528,-46.2855338329202
-38.4731688516819,-61.8245959151543,-60.421496937027,-60.0560915860109,-59.3188727099118,-62.0422694187959,-44.2287786440732,-43.018125887793,-44.3511263975636,-43.5859352664947,-42.5576412693001,-47.0922102330066
-35.5139264766392,-57.069230825335,-55.7740540713546,-55.4367546193603,-54.7562404391038,0,-40.8268317843152,-39.7092988579002,-40.9397689104143,-40.2334340183207,-39.2842333545146,-43.4700166831806
-45.8682059746927,-73.708077197142,-72.0352845769206,-71.5996436249295,-70.7207218135314,0,-52.7301178823163,-51.2867621191617,-52.8759824452087,-51.963711752218,-50.7377664434836,-56.1439377946289
-29.5672013831712,-47.5131197251677,-46.4348173319662,-46.1539978953965,-45.5874342453596,-47.6804050440027,-33.9904729486261,-33.0600683337105,-34.0844990133928,-33.4964382701733,-32.7061790686667,-36.1910626313558
-37.9676765100806,-61.0122931937905,-59.6276292915648,-59.2670249385436,-58.5394922543303,-61.2271067227447,-43.6476643363553,-42.4529181382012,-43.7684045837772,-43.0132671672362,-41.9984837478289,-46.4734737906399
-35.072680229905,-56.3601685952756,-55.0810838913232,-54.7479752493007,-54.0759161839154,0,-40.3195748268866,-39.2159267974207,-40.4311087546365,-39.7335497893692,-38.7961425618811,-42.929919216922
-35.3791097039245,-56.8525865315465,-55.5623264839794,-55.2263074768153,-54.5483766415918,-9.34650106531958,-40.6718463392405,-39.5585557537179,-40.7843547372217,-40.0807012098786,-39.1351038696937,-43.3049972685311
-29.9378989344513,-48.1088134774286,-47.016991913051,-46.732651714535,-46.158984796421,0,-34.4166270822425,-33.4745575583632,-34.5118319948654,-33.9163984646618,-33.1162314214532,-36.6448065661234
-43.1598474456583,-69.3558707985365,-67.7818507826498,-67.371932918424,-66.5449083926003,0,-49.6165872466869,-48.2584566369584,-49.7538390128806,-48.8954347412954,-47.7418772524569,-52.8288329295387
-34.7354530420542,-55.818260162912,-54.5514739811971,-54.2215682107505,-53.5559710578054,-56.01478641718,-39.9318982437147,-38.8388618960169,-40.0423597620406,-39.3515078931992,-38.4231139262068,-42.5171439218124
-31.2826737238659,-50.2698041219207,-49.1289392323074,-48.8318268104827,-48.2323914571593,-50.4467952405623,-35.9625810096781,-34.9781948439942,-36.0620624136675,-35.4398827179449,-34.6037731234777,-38.2908476640974
-27.0972063192489,-43.5439523470365,-42.5557295509571,-42.2983693053062,-41.7791354448172,0,-31.1509650995241,-30.298284946133,-31.2371363824721,-30.6982012603831,-29.9739590045334,-33.1677211625743
-34.758955249865,-55.8560271195829,-54.5883838230332,-54.2582548364401,-53.5922073366236,0,-39.9589163963114,-38.8651404939183,-40.0694526535374,-39.3781333503381,-38.4491112266346,-42.5459112665412
-41.9949815083582,-67.4839853256622,-65.9524474409611,-65.5535930856535,-64.7488896002519,0,-48.277456646619,-46.9559814047685,-48.4110040459825,-47.5757677408194,-46.4533442782806,-51.403005183868
-50.6628527074118,-81.4128518661854,-79.565200659267,-79.0840217486242,-78.1132254132114,-81.6994921659697,-58.2420467238286,-56.6478156245474,-58.4031586467393,-57.3955274397595,-56.0414329142832,-62.0127164439949
-28.2235661549876,-45.3539603026604,-44.3246596754146,-44.0566016389802,-43.5157845879985,0,-32.4458290614846,-31.5577052292804,-32.5355822587806,-31.9742450163978,-31.2198979084567,-34.5464163874753
-51.5786713136727,-82.8845298421258,-81.0034791469681,-80.5136020960557,-79.5252569393794,-83.1763516606328,-59.2948723585089,-57.6718227773346,-59.4588966578219,-58.4330507756257,-57.0544786517751,-63.133703449448
-30.6260657631527,-49.2146656174147,-48.0977469216348,-47.806870743653,-47.2200172440546,-49.3879417793841,-35.2077440930134,-34.2440197095836,-35.3051374311815,-34.6960169817629,-33.8774569171281,-37.4871415736067
-49.6562246952146,-79.7952473914699,-77.9843074505436,-77.5126891576798,-76.5611817239601,-80.0761923910536,-57.0848265400681,-55.5222714636852,-57.2427373054041,-56.2551268778457,-54.9279370647507,-60.7805762436499
-48.7555493259385,-78.3479038942162,-76.5698111745604,-76.1067471965422,-75.1724984109476,-78.6237530524869,-56.0494095799666,-54.51519646633,-56.2044561256049,-55.2347591901011,-53.9316422335784,-59.678124974165
-51.9349846574881,-83.4571088408949,-81.5630635600681,-81.0698023636238,-80.0746295675638,-83.7509466091209,-59.7044903983511,-58.0702285426316,-59.8696478025903,-58.8367152202676,-57.4486197095086,-63.569840721126
-30.797466587569,0,0,-48.0744250916908,0,-49.6643446971691,-35.404786586491,-34.4356686551236,-35.502724992987,-34.8901955602531,-34.0670543694953,-37.6969408674637
-40.7472032021218,-65.4788635257876,-63.9928315486753,-63.6058281763668,-62.8250344896119,-65.7094030615039,-46.8430099360774,-45.560799103444,-46.9725893006474,-46.1621700022963,-45.07309661152,-49.875690432437
-38.045390540167,-61.1371760316342,0,-59.3883354790501,-58.6593136466427,-61.3524292510458,-43.7370044332807,-42.5398127722876,-43.8579918175327,-43.1013087501302,-42.0844482241829,-46.5685978875657
-31.7795948026369,0,0,-49.6075138336323,0,-51.2481358207428,-36.5338417883591,-35.5338187803869,-36.6349034411157,-36.0028405043276,-35.1534494210298,-38.8990926464879
-42.6549798851045,0,0,-66.5838415456465,0,-68.7859054263809,-49.0361911876467,-47.6939474757742,-49.1718374346256,-48.3234744513261,-47.1834108414008,-52.2108612362509
-43.4953697224199,0,0,-67.8956786140288,0,-70.1411276308357,-50.002303863019,-48.6336152207375,-50.1406226168831,-49.2755451577723,-48.1130199765545,-53.2395213668761
-91.2731509127072,0,-4.0019522004656,-107.123834631478,-80.6466002286674,-108.654964254605,-95.2671240795244,-94.4050595365756,-95.3547867935792,-94.8081334249989,-94.079869777778,-97.3418922526339
-60.6725335581958,0,-71.3960254759829,-71.2090509264547,0,-72.226847644462,-63.3274706187779,-62.7544254309174,-63.3857431656014,-63.022363085937,-62.538260147303,-64.7066433585122
-73.2345434802649,-20.4770941097465,-86.1782923078983,-85.9526054118008,-85.497765078943,-87.1811329452272,-76.4391748381111,-75.7474828934146,-76.5095124870236,-76.0708959882001,-75.4865614363175,-78.1038998800938
-55.8616268418803,-66.3969077301453,-65.7348210011246,-65.5626722230511,-65.2157304693472,-66.4997647940689,-58.3060459994329,-57.7784392790527,-58.3596979416691,-58.025131355744,-57.5794143875364,-59.5758600061883
-32.776808500176,-38.9583843634723,-38.5699049876559,-38.4688966953549,-38.2653286278861,-39.0187357437974,-34.2110713949544,-33.9014981616818,-34.2425516710537,-34.0462447330466,-33.7847203103231,-34.9561347395661
-48.5931532437821,-57.7576288885542,-57.1816900249216,-57.0319405022781,-56.7301413109994,-57.8471026355968,-50.7195151388844,-50.2605583260358,-50.7661861221388,-50.4751518952603,-50.0874296937431,-51.8241064318667
-79.7661966474344,-94.8097844299386,-93.8643744372397,-93.6185589452689,-93.1231522463291,-94.9566565718962,-83.256643135182,-82.5032604682311,-83.3332540686057,-82.8555181773811,-82.2190679100845,-85.0698419175093
-51.8826485133378,-61.6675098970266,-61.0525830681971,-60.8926963078263,-60.5704669335733,-61.7630405357916,-54.152953678806,-53.6629279567795,-54.2027840367541,-53.8920483571257,-53.4780794467071,-55.3323198647619
-35.7518074084993,-42.4944562464547,-42.0707163992305,-41.9605400526534,-41.7384950557274,-42.5602854416983,-37.3162516949832,-36.978579934942,-37.3505892897573,-37.1364644813415,-36.8512026995613,-38.128940984227
-61.971356285093,-73.6589078728448,-72.9244070196577,-72.7334298880709,-72.3485422246698,-73.773014677734,-64.6831278371746,-64.0978154161877,-64.7426478299796,-64.3714888382063,-63.8770226616789,-66.0918246596138
-53.1287740851069,-63.1486498008665,-62.5189535632245,-62.3552266176205,-62.0252578878269,-63.2464749094642,-55.4536077953482,-54.9518125588398,-55.5046349866321,-55.1864360088194,-54.7625243283232,-56.6613001829325
-75.9684917560411,-90.2958474840293,-89.3954488909527,-89.1613367863248,-88.6895166255788,-90.4357269765268,-79.2927564994309,-78.5752427238101,-79.3657199514799,-78.910729283259,-78.3045807025769,-81.0196280632855
-62.8069801796181,-74.6521271140052,-73.9077222261113,-73.7141699523294,-73.3240924504686,-74.7677725389669,-65.5553173523549,-64.9621125585999,-65.615639914785,-65.2394762024314,-64.7383426270135,-66.9830090910833
-79.9549190882368,-95.034099173296,-94.0864523924729,-93.8400553145473,-93.3434765105637,-95.1813188066759,-83.453623780692,-82.698458651724,-83.530415971377,-83.0515497832693,-82.4135937095917,-85.271112491764
-80.7143285988773,-95.9367303005655,-94.980082798007,-94.7313454477567,-94.230050152645,-96.0853482217682,-84.2462638873817,-83.4839262218446,-84.3237854480745,-83.8403710027522,-83.1963556407252,-86.0810150537024
-42.2581481709939,-50.227867027545,-49.7270123142334,-49.5967853770216,-49.334331222648,-50.3056762374346,-44.1072999553533,-43.7081765458445,-44.1478865235013,-43.8947939237977,-43.5576183929426,-45.0678875980827
-38.2265709511655,-45.4359503612151,-44.9828789640219,-44.8650761385186,-44.627661041364,-45.5063362965019,-39.8993070965892,-39.5382614759878,-39.9360215621804,-39.707074894176,-39.4020671048835,-40.7682512711191
-80.9647192456789,-96.2343436285703,-95.2747284300515,-95.0252194509331,-94.5223690459003,-96.3834225898146,-84.5076112450512,-83.7429086682961,-84.5853732918391,-84.1004592062705,-83.454445990506,-86.3480541459031
-69.7424730495279,-82.8956263849796,-82.0690202070772,-81.8540948245908,-81.4209428153245,-83.0240420150676,-72.7942967584923,-72.1355870223612,-72.8612804706933,-72.4435786882479,-71.8871071817714,-74.379642086775
-31.633312821883,-37.599229943277,-37.2243035797178,-37.1268191981025,-36.9303530791162,-37.6574758244477,-33.0175380987004,-32.7187650522233,-33.0479201116887,-32.8584618006682,-32.6060612695265,-33.7366081647226
-85.5589521274759,-101.695030579327,-100.680963321442,-100.417296294635,-99.8859123272438,-101.85256882348,-89.302880715029,-88.4947861305494,-89.3850552634059,-88.8726253875334,-88.1899550304166,-91.2477570452925
-62.2329867915895,-73.9698808534278,-73.2322790864999,-73.0404956881688,-72.6539831070581,-74.0844693941213,-64.956206893569,-64.368423402166,-65.0159781677207,-64.6432522179069,-64.1466985053958,-66.3708509484918
-64.0194177873591,-76.0932256376413,-75.3344506195663,-75.1371619767513,-74.7395543463629,-76.2111035033601,-66.8208093712052,-66.2161532419619,-66.8822964115816,-66.4988711650764,-65.9880636140654,-68.2760615363599
-67.8145507403886,-80.6041055878295,-79.8003496534238,-79.5913655492084,-79.1701873542536,-80.7289713673421,-70.7820115245124,-70.1415107956047,-70.8471435760617,-70.4409885104121,-69.8998997941469,-72.323532444333
-77.2529420990299,-91.8225400586794,-90.9069178214976,-90.6688474261871,-90.1890498849075,-91.9647845877593,-80.6334124204313,-79.9037671572176,-80.7076095145976,-80.2449260133831,-79.6285288712992,-82.3894813623202
-83.0700767997795,-98.7367632529444,-97.7521948016253,-97.4961977420332,-96.9802715194259,-98.8897187732644,-86.7050960183126,-85.9205085785998,-86.7848801422986,-86.2873566443506,-85.624544891933,-88.5933966824014
-54.1115719737927,-64.3167994667751,-63.6754548494457,-63.5086992155418,-63.1726265886311,-64.4164341844189,-56.4794114130635,-55.9683337621293,-56.5313825262941,-56.2072973730715,-55.7755440001637,-57.7094441905614
-35.833522773477,-42.591582804618,-42.1668744453441,-42.0564462765229,-41.8338937671303,-42.657562460974,-37.4015427990667,-37.063099246685,-37.4359588768405,-37.2213446585699,-36.9354308742113,-38.2160895944535
-75.6248837974717,-89.8874364296027,-88.9911103686419,-88.7580571606761,-88.2883710578599,-90.026683242607,-78.9341127833281,-78.2198443458466,-79.0067462193108,-78.5538134886778,-77.9504065377369,-80.6531736509446
-50.9931584244554,-60.6102655112593,-60.0058811534737,-59.8487355347519,-59.53203054761,-60.7041583470439,-53.2245408671774,-52.7429162780062,-53.2735169200583,-52.9681085765474,-52.5612368605373,-54.3836876818477
-82.1141060372133,-97.6005002025594,-96.6272621687561,-96.3742111243081,-95.8642221826503,-97.7516955101648,-85.7072934406313,-84.9317350361853,-85.7861594086124,-85.2943614129879,-84.6391773007604,-87.5738635334321
-53.4284791942695,-63.504878102911,-62.8716296812992,-62.7069791344461,-62.3751490156803,-63.6032550534316,-55.766427540655,-55.2618016234332,-55.8177425817943,-55.497748609442,-55.0714455977196,-56.9809326504428
-34.2279277355101,-69.2699169381883,-67.0677130999,-66.4951193848881,-65.3411369409279,-69.6120355927979,-42.3584475227132,-40.6035451907386,-42.5369022597515,-41.4240815560699,-39.9415573260063,-46.5820471766811
-41.5007941523503,-83.9886243191903,-81.3184887246389,-80.624228350968,-79.2250437952365,-84.4034375083015,-51.3589144174069,-49.2311244734892,-51.5752878234912,-50.2260111945104,-48.4284751773385,-56.4799588807388
-43.3738981174584,-87.779381302267,-84.9887313495766,-84.2631361090603,-82.8008005174802,-88.2129167410405,-53.6769564742827,-51.4531304938921,-53.9030957148084,-52.4929206029097,-50.6142542866685,-59.0291350372309
-32.8864255690394,-52.8469588699028,-51.6476058795613,-51.3352615565593,-50.7050952765113,-53.0330236961057,-37.806255120164,-36.771402963513,-37.9108365832666,-37.2567599389695,-36.3777859679873,-40.2538837567477
-33.8319034955021,-68.4684495977508,-66.2917257157175,0,-64.585126401866,-68.806609868399,-41.8683514784032,-40.1337537312599,-42.0447414570326,-40.9447963202519,-39.4794252037523,-46.0430832062732
-41.1588079338765,0,0,-64.248337546021,0,-66.373161530686,-47.3161909896011,-46.0210280030934,-47.4470792901324,-46.628473603718,-45.5283990220465,-50.3795058741912
73.5151737251562,121.767633203063,119.527932457903,118.940820104653,117.751154407262,122.113101709136,90.2956094338435,87.4817909763975,90.5691399802329,88.8273093864634,86.3518968838307,96.3126371001081
37.4445209737382,62.0216271601399,60.8808487700817,60.581806549119,59.9758573293809,62.1975895100321,45.9915371202483,44.5583352531068,46.1308582938543,45.2436671345851,43.9828303484269,49.0562747415091
25.2500281208479,91.6193948637493,87.4204162287147,86.3389954876443,84.1721490103715,92.2775055639063,42.8717742702317,39.5353755378527,43.2045782099527,41.1110237134687,38.2399965414882,50.5450890043712
16.3823313470709,59.4430737776803,56.7187576308157,56.0171270100093,54.6112673096153,59.8700589478125,27.8153991817487,25.6507287394749,28.0313238685659,26.6730163336038,24.8102810442521,32.7938801522805
23.2006062678767,84.1830946310882,80.324926649159,79.3312795647515,77.3403054667609,84.7877896897212,39.3920810736719,36.3264815831645,39.6978729378596,37.7742420673987,35.1362421933907,46.4425902083242
23.6998267822235,85.9945096999789,82.0533233442135,81.0382953957531,79.0044803865477,86.612216322823,40.2397026723374,37.1081389506904,40.5520744323243,38.587051712811,35.8922885094855,47.4419215837071
20.5529627065474,74.5761547994604,71.1582793468702,70.2780268554698,68.5142618954842,75.1118423088908,34.8966731253685,32.1809185767967,35.1675681488885,33.4634612352477,31.126508812352,41.1425810828394
19.9446669850792,72.368961776451,69.0522434681621,68.1980433679412,66.4864796742233,72.8887948115324,33.8638538059001,31.2284760816353,34.1267312853741,32.4730599687464,30.2052731537692,39.9249047604435
26.3086062481193,95.4604316725966,91.0854157310428,89.9586576803506,87.7009686790608,96.1461329001453,44.6691236554514,41.1928502779809,45.0158800141389,42.83455567488,39.8431640204318,52.6641332052304
22.0657406808084,78.3141925832273,74.7555320236508,73.8390212066045,72.0026053141802,78.8719455026975,37.0002803542077,34.1726616373908,37.2823337670247,35.5080332850456,33.0748198656792,43.5034624084727
22.2723708839782,79.0475501332243,75.4555652105515,74.5304719117716,72.6768592710284,79.6105260180478,37.3467620589247,34.4926646737325,37.6314567043582,35.8405411413637,33.3845423829293,43.910841857279
20.8509165835576,74.002623364543,70.6398840144217,69.7738314821004,68.0385190292098,74.5296693298853,34.9632387325585,32.2912938906736,35.2297637619162,33.5531469703444,31.2538935362039,41.108389647846
21.6997711789768,77.0153190733542,73.5156803817048,72.6143702783799,70.8084121085867,77.5638214282939,36.3866152901278,33.605893807722,36.663990729589,34.9191177602814,32.5262601991577,42.7819393607815
21.6397167837868,76.8021781895558,73.3122247928929,72.4134090768446,70.6124489194604,77.3491625571897,36.2859148653982,33.5128890653773,36.5625226647714,34.8224786537966,32.4362433566785,42.6635397946214
24.551248896307,87.1355855231457,83.1760736989347,82.1563261404478,80.1130544323171,87.7561643175148,41.1680308107389,38.021906150586,41.4818550163384,39.5076954637523,36.8004023281696,48.4037381247073
34.8431937137931,57.712891322633,56.6513645252363,56.3730972176931,55.8092442027523,57.8766293030956,42.7964357776089,41.4628006024439,42.92607809948,42.100521446071,40.927276890148,45.6482614611163
