124.229316915417,29.9999999998922,29.9999999998922,29.9999999998922,29.999999999946,124.229316915417,29.9999999998922,0,0,0,0,0
73.3457062448439,56.6577145876944,56.6577145876944,56.6577145876944,56.6577145876944,73.3457062448439,56.6577145876944,56.6577145876944,56.6577145876944,56.6577145876944,56.6577145876944,56.6577145876944
0,0,0,0,0,0,0,0,0,0,0,0
174.880388253861,174.880388253861,174.880388253861,174.880388253861,174.880388253861,174.880388253861,174.880388253861,174.880388253861,174.880388253861,174.880388253861,174.880388253861,174.880388253861
105.979473642453,105.979473642453,105.979473642453,105.979473642453,105.979473642453,105.979473642453,105.979473642453,105.979473642453,105.979473642453,105.979473642453,105.979473642453,105.979473642453
0,0,0,0,0,0,0,0,0,0,0,0
119.806286475962,119.806286475962,63.6413342315777,66.2594040017861,119.806286475962,119.806286475962,119.806286475962,94.1178847943075,93.5277683042978,119.806286475962,119.806286475962,119.806286475962
176.053071219896,176.053071219896,176.053071219896,176.053071219896,176.053071219896,176.053071219896,176.053071219896,176.053071219896,176.053071219896,176.053071219896,176.053071219896,176.053071219896
116.911083656254,116.911083656254,116.911083656254,116.911083656254,116.911083656254,116.911083656254,116.911083656254,116.911083656254,116.911083656254,116.911083656254,116.911083656254,116.911083656254
0,0,0,0,0,0,0,0,0,0,0,0
168.53598183678,132.321226082725,132.321226082725,132.321226082725,132.321226082725,168.53598183678,132.321226082725,132.321226082725,132.321226082725,132.321226082725,132.321226082725,132.321226082725
195.339334619494,195.339334619494,195.339334619494,195.339334619494,195.339334619494,195.339334619494,195.339334619494,195.339334619494,195.339334619494,195.339334619494,195.339334619494,195.339334619494
100.394826632791,100.394826632791,100.394826632791,100.394826632791,100.394826632791,100.394826632791,100.394826632791,100.394826632791,100.394826632791,100.394826632791,100.394826632791,100.394826632791
81.3833554091909,81.3833554091909,81.3833554091909,81.3833554091909,81.3833554091909,81.3833554091909,81.3833554091909,81.3833554091909,81.3833554091909,81.3833554091909,81.3833554091909,81.3833554091909
181.262096165211,181.262096165211,181.262096165211,181.262096165211,181.262096165211,181.262096165211,181.262096165211,181.262096165211,181.262096165211,181.262096165211,181.262096165211,181.262096165211
161.252606682939,161.252606682939,161.252606682939,161.252606682939,161.252606682939,161.252606682939,161.252606682939,161.252606682939,161.252606682939,161.252606682939,161.252606682939,161.252606682939
0,0,0,0,0,0,0,0,0,0,0,0
129.187606817063,36.9082145976376,30,30,125.331846721029,129.187606817063,129.187606817063,30,30,39.9359678775046,35.9919499876694,129.187606817063
0,0,0,0,0,0,0,0,0,0,0,0
109.643005187534,0,0,0,61.8145731522348,171.457578339769,61.8145731522348,0,0,0,0,109.643005187534
74.8012556286091,74.8012556286091,74.8012556286091,74.8012556286091,74.8012556286091,74.8012556286091,74.8012556286091,74.8012556286091,74.8012556286091,74.8012556286091,74.8012556286091,74.8012556286091
103.803515689012,103.803515689012,103.803515689012,103.803515689012,103.803515689012,114.217004760153,103.803515689012,103.803515689012,103.803515689012,103.803515689012,103.803515689012,103.803515689012
0,0,0,0,0,0,0,0,0,0,0,0
0,0,0,0,0,106.976381044101,30,0,0,0,0,0
0,0,0,0,0,0,0,0,0,0,0,0
75.8971877647307,75.8971877647307,75.8971877647307,75.8971877647307,75.8971877647307,122.946440251573,75.8971877647307,75.8971877647307,75.8971877647307,75.8971877647307,75.8971877647307,75.8971877647307
161.776697846932,161.776697846932,161.776697846932,161.776697846932,161.776697846932,161.776697846932,161.776697846932,161.776697846932,161.776697846932,161.776697846932,161.776697846932,161.776697846932
151.313824255439,30,30,30,30,151.313824255439,108.461061796713,30,30,30,30,151.313824255439
165.039718193147,165.039718193147,165.039718193147,165.039718193147,165.039718193147,165.039718193147,165.039718193147,165.039718193147,165.039718193147,165.039718193147,165.039718193147,165.039718193147
160.103895340454,160.103895340454,160.103895340454,160.103895340454,160.103895340454,160.103895340454,160.103895340454,160.103895340454,160.103895340454,160.103895340454,160.103895340454,160.103895340454
0,0,0,0,0,0,0,0,0,0,0,0
49.6533492034124,30,30,30,30,118.670708970753,30,30,30,30,30,30
190.864888080867,190.864888080867,190.864888080867,190.864888080867,190.864888080867,190.864888080867,190.864888080867,190.864888080867,190.864888080867,190.864888080867,190.864888080867,190.864888080867
0,0,0,0,0,0,0,0,0,0,0,0
109.045934927091,109.045934927091,109.045934927091,109.045934927091,109.045934927091,109.045934927091,109.045934927091,109.045934927091,109.045934927091,109.045934927091,109.045934927091,109.045934927091
0,0,0,0,0,0,0,0,0,0,0,0
111.398436186355,111.398436186355,111.398436186355,111.398436186355,111.398436186355,111.398436186355,111.398436186355,111.398436186355,111.398436186355,111.398436186355,111.398436186355,111.398436186355
0,0,0,0,0,0,0,0,0,0,0,0
30.9535254161171,30,30,30,30,30.9535254161171,30,30,30,30,30,30.9535254161171
0,0,0,0,0,0,0,0,0,0,0,0
154.758615591924,154.758615591924,154.758615591924,154.758615591924,154.758615591924,154.758615591924,154.758615591924,154.758615591924,154.758615591924,154.758615591924,154.758615591924,154.758615591924
0,0,0,0,0,0,0,0,0,0,0,0
119.894753967881,119.894753967881,119.894753967881,119.894753967881,119.894753967881,119.894753967881,119.894753967881,119.894753967881,119.894753967881,119.894753967881,119.894753967881,119.894753967881
185.685030245773,185.685030245773,185.685030245773,185.685030245773,185.685030245773,185.685030245773,185.685030245773,185.685030245773,185.685030245773,185.685030245773,185.685030245773,185.685030245773
0,0,0,0,0,0,0,0,0,0,0,0
120.235709402468,30,30,30,30,120.235709402468,30,30,30,30,30,93.2102063638876
129.596170687968,129.596170687968,129.596170687968,129.596170687968,129.596170687968,129.596170687968,129.596170687968,129.596170687968,129.596170687968,129.596170687968,129.596170687968,129.596170687968
0,0,0,0,0,0,0,0,0,0,0,0
132.551163783225,132.551163783225,132.551163783225,132.551163783225,132.551163783225,132.551163783225,132.551163783225,132.551163783225,132.551163783225,132.551163783225,132.551163783225,132.551163783225
116.501589771915,116.501589771915,116.501589771915,116.501589771915,116.501589771915,116.501589771915,116.501589771915,116.501589771915,116.501589771915,116.501589771915,116.501589771915,116.501589771915
139.252924394659,139.252924394659,139.252924394659,139.252924394659,139.252924394659,139.252924394659,139.252924394659,139.252924394659,139.252924394659,139.252924394659,139.252924394659,139.252924394659
52.6261734834177,30,30,30,30,52.6261734834177,30,30,30,30,30,52.6261734834177
0,0,0,0,0,0,0,0,0,0,0,0
115.115201964256,115.115201964256,115.115201964256,115.115201964256,115.115201964256,115.115201964256,115.115201964256,115.115201964256,115.115201964256,115.115201964256,115.115201964256,115.115201964256
-46.4129417465691,-32.6004409807675,-29.9204038745579,-29.4771396696177,-36.3988509126002,-52.8351204315232,-38.9555609636435,-29.6607386032939,-29.8525082545582,-31.762265868536,-31.6273704502913,-41.5490599395199
-41.1924001743921,-28.9335336267647,-26.5549478959999,-26.1615421814347,-32.304697273163,-46.8922102796552,-34.5738278128201,-26.3244898521271,-26.4946891956489,-28.1896367018988,-28.0699143606525,-36.8756092480397
-57.008315144209,-40.0426291317586,-36.7507800439927,-36.2063253178656,-44.7081586649478,-64.8965801971637,-47.8485269940683,-36.4318371143018,-36.6673848797089,-39.0131113044888,-38.8474213002483,-51.0340826037572
-61.7101041567644,-43.3451647918509,-39.7818188209954,-39.1924599218076,-48.3954861828842,-70.2489577749185,-51.7948579445372,-39.4365709152907,-39.6915455992538,-42.2307369721311,-42.0513816027687,-55.2431438300926
-56.1861523238058,-39.4651421314842,-36.2207674502762,-35.6841647441937,-44.0633863062133,-63.9606543541625,-47.1584648547809,-35.9064242534131,-36.1385749948131,-38.4504718098526,-38.2871713545902,-50.2980790017554
-45.7315196132917,-32.1218102109232,-29.4811206774692,-29.0443643565107,-35.864452925652,-52.0594096249769,-38.3836260580775,-29.2252677407917,-29.414221882417,-31.2959409567465,-31.1630260361865,-40.9390479903904
-63.0084092469954,-44.2570940270245,-40.6187796166333,-40.0170213272768,-49.4136680011458,-71.7269098981382,-52.8845583855923,-40.2662681173973,-40.526607156754,-43.1192200094606,-42.936091222565,-56.4053919872626
-40.8099058047639,-28.6648696581969,-26.3083704202279,-25.9186176967525,-32.0047301732316,-46.4567899998109,-34.2527905724818,-26.0800523076008,-26.2486712554589,-27.9278802304455,-27.8092695777935,-36.5331986855507
-49.8382022684636,-35.0063432848598,-32.1285202820518,-31.652543318023,-39.0850746765241,-56.7343357230644,-41.8304691262333,-31.8496917953333,-32.0556139866232,-34.1063111126291,-33.9614604548906,-44.6153675118725
-63.5427892051438,-44.6324424025282,-40.9632711219892,-40.3564092667226,-49.8327497420432,-72.3352322406247,-53.3330770584889,-40.607769941178,-40.8703169392281,-43.4849179735804,-43.3002360550528,-56.8837711650536
-41.2103920006312,-28.9461710819092,-26.566546443458,-26.1729688989623,-32.3188071695901,-46.9126916426189,-34.588928809601,-26.3359877411854,-26.5062614235902,-28.2019492411812,-28.0821746081638,-36.8917156062816
-40.6362274567052,-28.5428780213289,-26.1964075468863,-25.8083135287627,-31.8685247947349,-46.2590797041323,-34.1070179232753,-25.9690611079705,-26.1369624491659,-27.8090250650744,-27.6909191943327,-36.3777211005898
-62.6624356715842,-44.0140822569953,-40.3957455076826,-39.7972914196127,-49.1423419417063,-71.3330638104933,-52.5941739755212,-40.0451696177601,-40.3040791585888,-42.8824562045352,-42.7003329615332,-56.0956749927927
-34.7361727813591,-24.3986807998472,-22.3928990398786,-22.0611531640264,-27.2414703047017,-39.5426319291423,-29.1549521643479,-22.1985614825396,-22.3420848941112,-23.771377413682,-23.6704195691837,-31.0959674317325
-42.2393242792749,-29.6688929082112,-27.2298543092832,-26.8264500045938,-33.1257362544565,-48.0839977226098,-35.4525378074324,-26.9935390665029,-27.1680641058962,-28.9060894952821,-28.7833243547715,-37.8128200937434
-51.7372579784408,-36.3402396349415,-33.3527588604437,-32.8586450710436,-40.5743887139669,-58.8961645873215,-43.4243948223748,-33.0633057764141,-33.2770745130324,-35.4059122602749,-35.2555421524729,-46.3154101412144
-39.1153822419614,-27.4746366472986,-25.2159848168578,-24.8424155459185,-30.6758182747545,-44.5277944837845,-32.8305339028759,-24.9971470108874,-25.1587645022451,-26.7682487592037,-26.6545631006616,-35.0162540914275
-53.1772974946426,-37.3517231025108,-34.2810896729,-33.7732228666213,-41.7037242330274,-60.535462989912,-44.6330565674063,-33.9835800374533,-34.2032987497773,-36.3913899364056,-36.2368344715563,-47.604539550435
-58.4592287953251,-41.0617505895123,-37.6861209380379,-37.1278093422147,-45.8460221074851,-66.5482573933873,-49.0663156767522,-37.3590606196916,-37.6006032907094,-40.0060305939119,-39.8361236278405,-52.33294658412
-48.8154677937442,-34.2879747947921,-31.4692078707178,-31.0029984751029,-38.2830061527974,-55.5700850397889,-40.9720621026688,-31.1961012498155,-31.3977976922911,-33.4064122681143,-33.264534104459,-43.6998113244548
-43.9612970952153,-34.8485352026977,-32.941093336794,-32.6184327168951,-37.4506300131994,-47.9841379246176,-39.1521636493667,-32.7523519762984,-32.8918162645266,-34.2593657356977,-34.1639548217084,-40.8469562152212
-53.6625891878261,-37.6925918905414,-34.5939361099198,-34.0814345524607,-42.0843090295215,-61.0879047031258,-45.0403742126051,-34.2937114257299,-34.5154352731577,-36.7234948020453,-36.5675288765905,-48.0389747077309
-58.3807160675585,-41.0066032652644,-37.6355071989455,-37.0779454345387,-45.7844493442604,-66.4588808257565,-49.000417950001,-37.3088861337038,-37.550104404719,-39.9523011374382,-39.7826223621871,-52.2626616612249
-40.0930114273794,-28.1613231912011,-25.846219810946,-25.4633137471361,-31.4425134599497,-45.6406986395043,-33.6510829113905,-25.6219124885417,-25.7875693620394,-27.4372802176629,-27.3207531598711,-35.8914318348542
-52.0381213818195,-36.5515660291761,-33.5467124044643,-33.0497252359532,-40.8103376056454,-59.2386585890539,-43.6769171191955,-33.2555760878209,-33.4705879361181,-35.611805337693,-35.4605607950221,-46.5847443206519
-36.1625713175236,-25.4005828457721,-23.3124361060952,-22.9670674907813,-28.360108031724,-41.1664018434285,-30.3521646883335,-23.1101183141732,-23.2595353394557,-24.747520011743,-24.6424164565898,-32.3728853784627
-56.8615282727599,-45.074670235518,-42.6074987289126,-42.1901549021108,-48.4403372520139,-62.0648523935755,-50.641177749291,-42.3633721240307,-42.5437615368124,-44.3126118223481,-44.1892030345777,-52.8332990415966
-65.972298507229,-52.2968638061928,-49.4343840233503,-48.9501703140415,-56.2018026256894,-72.0093373022759,-58.7552778955884,-49.1511416670497,-49.3604343918335,-51.4127028164911,-51.2695205695043,-61.2986369056789
-51.9520373808263,-41.1828704598127,-38.928717428237,-38.547407555828,-44.2579418475118,-56.7061004079832,-46.2687592007723,-38.7056690001039,-38.8704833798896,-40.4866090618168,-40.3738555331987,-48.271610175422
-67.929917664203,-53.848686991881,-50.901267842272,-50.4026858897025,-57.869498430838,-74.1460956292348,-60.498743868191,-50.6096207361701,-50.8251238773973,-52.9382899829644,-52.7908590389338,-63.1175728624094
-41.1971486175688,-32.6573686108632,-30.8698607068355,-30.5674879746974,-35.0958518610972,-44.9670458331755,-36.6903983990474,-30.6929868111044,-30.8236820223157,-32.1052442720302,-32.0158324970582,-38.2786277240428
-38.2347432241422,-30.3090418903415,-28.6500701407172,-28.3694404330982,-32.5721786378519,-41.7335545947588,-34.0520644912013,-28.4859148966465,-28.6072120739749,-29.7966197195975,-29.7136373683429,-35.5260873898724
-44.6406394986975,-35.3870563389408,-33.4501384059666,-33.122491649272,-38.029361822454,-48.7256460633818,-39.7571895861011,-33.2584803888218,-33.4000998455966,-34.7887823225253,-34.6918970052788,-41.4781721083755
-48.0493391465567,-38.0891647279759,-36.0043463269483,-35.6516809012402,-40.9332331313829,-52.4462713600425,-42.7929955168376,-35.7980535594306,-35.9504868888976,-37.4452073062155,-37.340923955462,-44.645389967425
-48.8867556073713,-38.7529926616879,-36.6318394998115,-36.2730277287448,-41.6466282337386,-53.3603187064854,-43.5388030448882,-36.421951407939,-36.5770413853754,-38.0978121814083,-37.991711353119,-45.4234815108731
-45.1265309341868,-35.7722270666758,-33.8142267333273,-33.4830137026113,-38.4432927475966,-49.2560007889581,-40.1899270678205,-33.6204826127996,-33.7636435278043,-35.1674411314367,-35.0695012650976,-41.9296416395815
-58.2834178353715,-46.2018155144596,-43.6729494751714,-43.2451694738702,-49.6516450033221,-63.6168572113167,-51.90752011235,-43.422718196673,-43.6076184594271,-45.4207009320887,-45.2942061620629,-54.1544579824049
-37.5701973909496,-29.7822501350469,-28.1521124423726,-27.8763602698733,-32.0060520271697,-41.0081970410888,-33.4602164582074,-27.9908103280537,-28.1099992779696,-29.2787342100283,-29.1971941484585,-34.9086198367055
-48.2444409422983,-38.2438237632243,-36.150540067542,-35.7964426625585,-41.0994403556922,-52.6592266660683,-42.9667542077746,-35.9434096591721,-36.0964619360968,-37.5972515864724,-37.4925447986986,-44.8266702078808
-44.565851944891,-35.3277715390428,-33.3940985719955,-33.067000729916,-37.9656503036347,-48.6440147982914,-39.6905833952231,-33.2027616442086,-33.344143842448,-34.7304998257012,-34.6337768227933,-41.4086827134389
-44.9552231158761,-35.6364297419525,-33.6858623035864,-33.3559066126329,-38.2973556132116,-49.0690168161334,-40.037359419,-33.49285366797,-33.6354711203262,-35.0339396747308,-34.9363716044168,-41.7704697448418
-38.0412321701107,-30.1556438510634,-28.5050683752154,-28.2258589713813,-32.4073265664423,-41.5223355971374,-33.8797225232426,-28.3417439423815,-28.4624272187743,-29.6458151161845,-29.5632527495016,-35.3462851985479
-54.8419840918585,-43.4737584987894,-41.094213231063,-40.6916921556442,-46.7198875175479,-59.8605023647002,-48.8425610229346,-40.8587572419606,-41.0327397852833,-42.7387660242351,-42.619740331798,-50.9568250023226
-44.1373469995309,-34.9880916237625,-33.0730111079516,-32.7490583430293,-37.6006069307617,-48.1762979255384,-39.3089546250582,-32.8835139030962,-33.023536697925,-34.3965627352908,-34.3007697333425,-41.0105342533691
-39.7499990442538,-31.5101994829822,-29.7854821211987,-29.4937309632467,-33.863025106086,-43.3874694941722,-35.4015593368873,-29.6148213492232,-29.7409255747598,-30.9774698481074,-30.8911988781751,-36.9339982621313
-34.4316452870953,-27.2942902543414,-25.8003315663095,-25.5476152738759,-29.3323194172329,-37.5824401370385,-30.6650053586346,-25.6525043636336,-25.7617364659551,-26.8328372162794,-26.7581088764881,-31.9924115162899
-44.1672105830041,-35.0117647682944,-33.0953884979642,-32.7712165447333,-37.6260477182139,-48.2088942864965,-39.3355512904105,-32.9057630782074,-33.0458806132665,-34.4198356479659,-34.3239778319202,-41.0382822173092
-53.3618222520143,-42.3004202355944,-39.9850978832091,-39.5934406805228,-45.4589376119161,-58.2448928498124,-47.524321061643,-39.7559967511711,-39.9252835796015,-41.585264895517,-41.4694516559264,-49.5815219549033
-64.3758383466564,-51.0313347662984,-48.2381239802494,-47.7656277328694,-54.8417781779365,-70.2667871593592,-57.3334620348996,-47.9617357907408,-48.1659638519526,-50.1685695416001,-50.0288521542314,-59.8152744348899
-35.8628785246796,-28.4288423526383,-26.8727837181163,-26.6095626718612,-30.5515870454666,-39.1446436572348,-31.9396692480313,-26.7188117261303,-26.832584320611,-27.9482079214087,-27.8703733204205,-33.3222522000794
-65.5395428638891,-51.9538143224974,-49.1101114249235,-48.6290739914156,-55.833138083109,-71.5369807557277,-58.3698634313262,-48.8287270413007,-49.0366468776175,-51.0754531255355,-50.9332101049636,-60.8965388789282
-38.9156660827817,-30.8488158683072,-29.1602994770585,-28.8746720326531,-33.1522568368915,-42.4767878140656,-34.6584979896557,-28.9932207908871,-29.1166781506508,-30.3272679668819,-30.2428077822468,-36.1587717743333
-63.0967449137882,-50.0173853274022,-47.2796732760463,-46.8165651292736,-53.7521184528627,-68.8706455585259,-56.1942946600603,-47.0087766859825,-47.2089469084365,-49.1717625176434,-49.0348211965323,-58.6267955477819
-61.9522824748057,-49.1101591482777,-46.422104311661,-45.967396120859,-52.7771508745971,-67.6214548578344,-55.1750303602708,-46.1561213026797,-46.3526607942409,-48.2798744283782,-48.1454169786391,-57.5634100195107
-65.9923000419085,-52.3127192115481,-49.4493715797759,-48.9650110661641,-56.2188419335459,-72.0311691512472,-58.7730913681372,-49.1660433498292,-49.3753995281502,-51.4282901612043,-51.2850645041083,-61.317221475864
-39.133460209552,-31.021463328578,-29.3234970424672,-29.0362710649749,-33.3377956585295,-42.7145119966684,-34.8524665905984,-29.1554832892593,-29.2796315863902,-30.4969965494565,-30.4120636777519,-36.3611367578062
-51.7763060356528,-41.0435665635871,-38.7970383599188,-38.4170182944198,-44.1082363104901,-56.5142881171352,-46.1122519355373,-38.5747444084586,-38.7390012922514,-40.3496603177321,-40.2372881856917,-48.1083281287982
-48.343189938274,-38.3221030245261,-36.2245346970977,-35.8697125088535,-41.18356462765,-52.7670120535775,-43.0547005857505,-36.0169803244437,-36.1703458759838,-37.6742074133633,-37.5692863068004,-44.9184235496026
-40.3814224507239,-32.0107347779377,-30.2586205120546,-29.9622349260667,-34.4009347206765,-44.0766736311491,-35.963908361499,-30.0852488165927,-30.2133561908482,-31.4695428042235,-31.3819014314981,-37.5206898736524
-54.2004633181986,-42.9652189255432,-40.6135086777634,-40.2156961415413,-46.1733759556145,-59.1602768636617,-48.2712192297113,-40.3808069637076,-40.5527543250864,-42.238824114781,-42.1211907398459,-50.3607513492617
-55.2683226554457,-43.8117211027876,-41.4136773812172,-41.0080271291293,-47.0830853497384,-60.3258546129163,-49.2222604020373,-41.1763909702246,-41.3517260442561,-43.0710148372201,-42.9510638456061,-51.3529605531456
-98.6636092493113,-91.4603991331517,-90.0627615349747,-89.8315995419878,-93.441267428489,-102.012771233489,-94.774590048051,-89.9273462658285,-90.0273540135478,-91.0232913602792,-90.9529434878845,-96.1270980678541
-65.585236000855,-60.7970041590792,-59.8679443728264,-59.7142827139855,-62.1137582858011,-67.8115439659562,-63.0000656014832,-59.7779289917486,-59.8444077247485,-60.5064429616958,-60.4596802104822,-63.8991261400825
-79.1644016803916,-73.3847852304907,-72.2633672622292,-72.0778905600764,-74.9741681306416,-81.8516579709878,-76.043981897112,-72.1547145498268,-72.2349574435527,-73.0340644776966,-72.9776196823968,-77.1291893912458
-60.3847864091957,-55.9762277964071,-55.1208359403265,-54.9793585741664,-57.1885725487305,-62.4345637546942,-58.004601905546,-55.037958148138,-55.0991655834958,-55.708706065715,-55.665651272958,-58.8323732440763
-35.4307722913359,-32.844050608092,-32.3421494526043,-32.2591376106673,-33.5553938687452,-36.6334791103045,-34.0341990785285,-32.2935209095944,-32.3294343711409,-32.6870822376335,-32.661819838792,-34.5198938958625
-52.5277788253603,-48.6928428171089,-47.9487508545948,-47.8256819122275,-49.7474425068154,-54.3108479963922,-50.4572936484479,-47.8766567627466,-47.9299001509927,-48.4601298584914,-48.4226771693987,-51.1773589558524
-86.2249279073647,-79.9298381808372,-78.7084030229269,-78.5063839975549,-81.6609751953757,-89.1518556047498,-82.8262036684036,-78.590059776531,-78.6774593851901,-79.547837294285,-79.4863582923326,-84.0081988071276
-56.083627096812,-51.9890865349128,-51.1946235462888,-51.0632234980615,-53.1150769547734,-57.9874004661077,-53.8729812029984,-51.1176490719532,-51.174496751382,-51.7406201599097,-51.7006321250866,-54.6417910611135
-38.6466591854859,-35.8251527707222,-35.2776963748683,-35.1871499329981,-36.6010613603603,-39.9585301249772,-37.1233254986234,-35.2246540445195,-35.2638272044254,-35.6539371092027,-35.6263817595703,-37.6531045821646
-66.9892254186551,-62.0984914400305,-61.1495431821041,-60.9925920734405,-63.4434334482405,-69.2631921712268,-64.3487140293708,-61.0576008331571,-61.1255026827505,-61.8017101713136,-61.7539463654136,-65.2670208428808
-57.4306524296636,-53.237768551742,-52.4242240267215,-52.2896679915715,-54.3908031857273,-59.3801509256887,-55.1669108968003,-52.3454007674147,-52.4036138233047,-52.9833344724584,-52.9423859987566,-55.9541861504083
-82.1197198839562,-76.1243422416322,-74.9610601669661,-74.7686593592485,-77.7730590357752,-84.9072952228198,-78.8828104513829,-74.8483512963409,-74.9315897698918,-75.7605285909813,-75.7019766322659,-80.0085302641092
-67.8925104327514,-62.935829629347,-61.9740857205501,-61.815018277752,-64.2989068817436,-70.1971394310398,-65.2163942972922,-61.8809036178152,-61.9497210582783,-62.6350465518194,-62.5866386971218,-66.1470835913847
-86.4289313516384,-80.118947788521,-78.8946227821038,-78.692125790812,-81.8541805781682,-89.3627839992195,-83.0221659177733,-78.775999542086,-78.8636059334195,-79.7360431088493,-79.6744186509545,-84.2069575920847
-87.2498308436446,-80.8799152390161,-79.6439616290734,-79.4395413272108,-82.6316292195476,-90.2115491388781,-83.8107080501511,-79.5242117089504,-79.6126501832567,-80.4933737417635,-80.4311639765487,-85.0067528415423
-45.6798234426021,-42.3448413876209,-41.6977554031609,-41.590730745269,-43.2619547456515,-47.2304369796695,-43.8792638256358,-41.6350600929741,-41.681362233079,-42.1424668136303,-42.1098967666291,-44.5054554683234
-41.3218062656122,-38.3049933274364,-37.7196416410261,-37.6228275151001,-39.1346108182256,-42.7244857714129,-39.693026422462,-37.6629276858035,-37.7048124375145,-38.1219260056015,-38.0924632566062,-40.2594771614145
-87.5204958167355,-81.1308195659367,-79.891031801276,-79.6859773501553,-82.8879676844238,-90.4914019051708,-84.0707042337514,-79.7709103949438,-79.8596232216132,-80.7430789460848,-80.6806761947718,-85.270459375388
-75.3895755786957,-69.885550765563,-68.8176057943514,-68.6409732479261,-71.3991465198539,-77.9486944113895,-72.4179479519428,-68.714134010322,-68.7905506518021,-69.551553563051,-69.4978002462705,-73.4514090867579
-34.1946868746149,-31.6982090314849,-31.2138178725007,-31.133702092958,-32.3847354175991,-35.3554344512815,-32.8468363870007,-31.1668858500282,-31.2015463864136,-31.5467168700127,-31.5223358090812,-33.3155866038685
-92.4867273242188,-85.7344775845108,-84.4243397492524,-84.2076497621764,-87.5913326832648,-95.6262134382181,-88.8411820095655,-84.2974022170827,-84.3911489324523,-85.3247351505116,-85.2587914399429,-90.1090156250504
-67.2720403516616,-62.3606586853846,-61.4077041602366,-61.2500904358016,-63.7112787661737,-69.5556073309977,-64.6203812584444,-61.3153736493263,-61.3835621667671,-62.0626244662998,-62.0146590112917,-65.5425649772077
-69.2031200608089,-64.1507545707911,-63.1704449789968,-63.0083068687464,-65.5401449195719,-71.5522380452167,-66.4753436825544,-63.0754640716481,-63.1456099767604,-63.8441651208838,-63.7948227919706,-67.4239991755958
-73.3055478939951,-67.9536732952626,-66.9152500035227,-66.7435001894109,-69.4254280465876,-75.7939238626411,-70.4160662959899,-66.8146385361995,-66.8889427583539,-67.6289089264853,-67.576641536631,-71.4209590034132
-83.5081731746942,-77.4114276535165,-76.2284771870572,-76.0328233295849,-79.0880204104801,-86.3428799231376,-80.2165351390542,-76.1138626718129,-76.1985085141746,-77.0414627609814,-76.9819208249515,-81.3612882531682
-89.7963258168034,-83.2404962922305,-81.9684698369385,-81.7580832739833,-85.0433362268492,-92.844485548975,-86.2568279415358,-81.8452248662614,-81.9362445275807,-82.8426730999861,-82.7786476652981,-87.4877807897049
-58.4930282312077,-54.2225826648473,-53.3939888589934,-53.2569437510286,-55.3969466071665,-60.4785893512795,-56.1874110775092,-53.3137074946548,-53.372997399567,-53.9634419594418,-53.9217360040516,-56.9892496721765
-38.7349911074059,-35.9070357759809,-35.3583280979559,-35.2675747005194,-36.6847178047312,-40.0498604970566,-37.2081756450129,-35.3051645325228,-35.3444272277359,-35.7354287789937,-35.7078104480573,-37.739165606949
-81.7482897205374,-75.7800293662485,-74.6220088542339,-74.4304782816262,-77.4212889607184,-84.5232567654965,-78.5260209345861,-74.5098097694956,-74.5926717527239,-75.41786125657,-75.3595741302679,-79.6466490799931
-55.1221143005182,-51.0977716439437,-50.3169291426042,-50.1877818521665,-52.2044577810172,-56.9932488668231,-52.9493683148419,-50.2412743393722,-50.2971474068858,-50.8535650433414,-50.814262574149,-53.7049974898457
-88.7629493547396,-82.2825643414913,-81.0251763715278,-80.8172109379464,-84.0646571872247,-91.776030853017,-85.2641840346023,-80.9033497044461,-80.9933219111537,-81.8893193000697,-81.8260306703299,-86.4809710726712
-57.75462489566,-53.5380885103733,-52.7199546934884,-52.5846396133218,-54.6976275363158,-59.715120721656,-55.4781133541731,-52.6406867837272,-52.6992282257051,-53.2822191411773,-53.2410396727464,-56.2698297118701
-49.2726626980499,-34.609108403946,-31.763941530586,-31.2933657206019,-38.6415563444808,-56.0905421993797,-41.3557973992634,-31.4882770533105,-31.6918625401789,-33.7192893570864,-33.5760823938438,-44.1090941186109
-59.7422855327728,-41.9629693847469,-38.5132517841719,-37.9426864267206,-46.8522455689017,-68.0088512426994,-50.143217787986,-38.1790131818547,-38.4258572049058,-40.8840785625529,-40.7104424970382,-53.4815443519819
-62.4387041002164,-43.8569332461066,-40.2515154993508,-39.6551981471432,-48.9668828605921,-71.0783744054973,-52.4063903845672,-39.9021913145989,-40.1601764381465,-42.7293475803982,-42.5478745949054,-55.8953895525835
-41.7878406582917,-33.1256157676863,-31.3124782575555,-31.0057700514295,-35.5990624242647,-45.6117913303712,-37.2164718539474,-31.1330683124636,-31.2656374548476,-32.5655749719289,-32.4748811950321,-38.8274734933528
-48.7025677466712,-34.2086738243554,-31.3964261232405,-30.9312949732122,-38.1944655038578,-55.4415629647092,-40.8773022253362,-31.1239511412786,-31.3251811017378,-33.3291501688645,-33.1876001399598,-43.5987427292207
-52.2993203993956,-41.4581649869896,-39.1889436518672,-38.8050848429742,-44.5537922590713,-57.085162841601,-46.5780512934561,-38.9644042151941,-39.1303203272352,-40.7572493006886,-40.6437420502196,-48.5942906964964
99.7794210934788,74.6754464402176,62.6405560351892,58.9321704665347,83.9938125910983,107.817859840276,88.7174585626403,60.6135179277474,62.1428095668921,71.8311014545446,71.3236279400444,92.8963173582306
50.8220607605493,38.0354990509552,31.905598469172,30.0167541100017,42.7817539953032,54.9163922162004,45.1877152641317,30.8731385417503,31.6520742356385,36.5867486763624,36.3282700291057,47.3161923918981
55.3069542737467,26.2970831843684,16.6003393110689,14.113240450044,35.6174410107822,67.3357869372984,40.9810310776585,15.2126897519141,16.2532482174015,23.7738068783748,23.3389941798298,46.0973873332679
35.8833996688393,17.061665362349,10.770374502799,9.15673362132241,23.1087552687364,43.687760181613,26.5886765292151,9.87006125313088,10.5451802465049,15.4245523925274,15.1424439660581,29.9081913855114
50.8179580568947,24.1626769694721,15.2529705878337,12.9677374329335,32.7265467272175,61.8704689354397,37.6548003009688,13.9779497876326,14.9340511884285,21.8442027166817,21.4446816479947,42.3558868282577
51.9114366869915,24.6825989010552,15.5811773482198,13.2467715442164,33.4307422685459,63.2017706681703,38.4650398506094,14.2787212072207,15.2553955804451,22.3142367317331,21.9061189431544,43.2672823049048
45.0186337678767,21.405242298841,13.5123079128268,11.4878646174177,28.9918067929929,54.8098366906628,33.3576501136463,12.3827919573369,13.2297834629617,19.3513513658412,18.997423475751,37.5222505969277
43.6862398595951,20.7717220860482,13.1123909175065,11.1478640542213,28.1337508386466,53.1876574637876,32.3703804858033,12.0163046788347,12.8382282019819,18.778619132122,18.4351662681544,36.4117233788397
57.6256341500613,27.3995578801104,17.2962892726245,14.7049216780345,37.1106608924767,70.1587616640306,42.6991132486649,15.8504641160165,16.934646787641,24.7704961431541,24.317454426806,48.0299668029543
47.5391728983414,22.9531263719777,14.7350755130594,12.6272437297182,30.8521877106704,57.7336835396592,35.3978637161334,13.559033864389,14.440913648241,20.8146339785819,20.4461275069831,39.7340075258838
47.9843439486407,23.1680663204811,14.873059172481,12.7454890211448,31.1410968348691,58.27431904028,35.7293399116188,13.6860047176548,14.5761426878756,21.0095484439567,20.6375911674111,40.1060886704322
44.9219150579777,21.6894474668697,13.9238394404973,11.9320538339146,29.1536278650712,54.5551693442109,33.449042760807,12.8125444846681,13.6458725870787,19.6686892628158,19.3204708272348,37.5464612059558
46.7507159108891,22.572439208771,14.4906881470076,12.4178156319208,30.3404913243936,56.7761463461631,34.8107753995665,13.3341516390222,14.2014050792657,20.4694146026207,20.1070199643741,39.0750024577843
46.621332704699,22.5099696936105,14.4505849816158,12.3834491678137,30.2565236253233,56.6190176325968,34.7144361319553,13.2972492032569,14.162102508476,20.4127652350438,20.0513735286088,38.9668618870708
52.8940352846109,25.5385906441355,16.3948499014876,14.0495897313013,34.3274105518267,64.2368663162803,39.385116278839,15.0863376858046,16.0675533351302,23.159216220562,22.7492007928003,44.2096878834512
47.2913756663074,35.3931156540289,29.6890684967115,27.9314449995933,39.809641119983,51.1012677500593,42.0484566363162,28.7283351152345,29.453156973465,34.0450121496398,33.8044904032523,44.0290652527319
