30,124.229316915471,124.229316915471,124.229316915471,124.229316915471,124.229316915471,124.229316915471,124.229316915471,30,124.229316915471,124.229316915471,30
73.3457062448439,73.3457062448439,73.3457062448439,73.3457062448439,73.3457062448439,73.3457062448439,73.3457062448439,73.3457062448439,56.6577145876944,73.3457062448439,73.3457062448439,56.6577145876944
0,0,0,0,0,0,0,0,0,0,0,0
174.880388253861,174.880388253861,174.880388253861,174.880388253861,174.880388253861,174.880388253861,174.880388253861,174.880388253861,174.880388253861,174.880388253861,174.880388253861,174.880388253861
105.979473642453,105.979473642453,105.979473642453,105.979473642453,105.979473642453,105.979473642453,105.979473642453,105.979473642453,105.979473642453,105.979473642453,105.979473642453,105.979473642453
0,0,0,0,0,0,0,0,0,0,0,0
119.806286475962,119.806286475962,119.806286475962,119.806286475962,119.806286475962,119.806286475962,119.806286475962,119.806286475962,119.806286475962,119.806286475962,119.806286475962,119.806286475962
176.053071219896,176.053071219896,176.053071219896,176.053071219896,176.053071219896,176.053071219896,176.053071219896,176.053071219896,176.053071219896,176.053071219896,176.053071219896,176.053071219896
116.911083656254,116.911083656254,116.911083656254,116.911083656254,116.911083656254,116.911083656254,116.911083656254,116.911083656254,116.911083656254,116.911083656254,116.911083656254,116.911083656254
0,0,0,0,0,0,0,0,0,0,0,0
168.53598183678,168.53598183678,168.53598183678,168.53598183678,168.53598183678,168.53598183678,168.53598183678,168.53598183678,132.321226082725,168.53598183678,168.53598183678,159.716875784324
195.339334619494,195.339334619494,195.339334619494,195.339334619494,195.339334619494,195.339334619494,195.339334619494,195.339334619494,195.339334619494,195.339334619494,195.339334619494,195.339334619494
100.394826632791,100.394826632791,100.394826632791,100.394826632791,100.394826632791,100.394826632791,100.394826632791,100.394826632791,100.394826632791,100.394826632791,100.394826632791,100.394826632791
81.3833554091909,81.3833554091909,81.3833554091909,81.3833554091909,81.3833554091909,81.3833554091909,81.3833554091909,81.3833554091909,81.3833554091909,81.3833554091909,81.3833554091909,81.3833554091909
181.262096165211,181.262096165211,181.262096165211,181.262096165211,181.262096165211,181.262096165211,181.262096165211,181.262096165211,181.262096165211,181.262096165211,181.262096165211,181.262096165211
161.252606682939,161.252606682939,161.252606682939,161.252606682939,161.252606682939,161.252606682939,161.252606682939,161.252606682939,161.252606682939,161.252606682939,161.252606682939,161.252606682939
0,0,0,0,0,0,0,0,0,0,0,0
129.187606817063,129.187606817063,129.187606817063,129.187606817063,129.187606817063,129.187606817063,129.187606817063,129.187606817063,129.187606817063,129.187606817063,129.187606817063,129.187606817063
0,0,0,0,0,0,0,0,0,0,0,0
154.172345643572,171.457578339769,171.457578339769,171.457578339769,171.457578339769,171.457578339769,171.457578339769,171.457578339769,61.8145731522348,171.457578339769,157.235518391762,47.5925132042281
74.8012556286091,74.8012556286091,74.8012556286091,74.8012556286091,74.8012556286091,74.8012556286091,74.8012556286091,74.8012556286091,74.8012556286091,74.8012556286091,74.8012556286091,74.8012556286091
103.803515689012,103.803515689012,103.803515689012,103.803515689012,103.803515689012,103.803515689012,103.803515689012,114.217004760153,74.9229296140966,74.9229296140966,74.9229296140966,74.9229296140966
0,0,0,0,0,0,0,0,0,0,0,0
60.4369804625336,167.413361506635,167.413361506635,167.413361506635,167.413361506635,167.413361506635,121.253452035596,106.976381044101,0,0,0,0
0,0,0,0,0,0,0,0,0,0,0,0
75.8971877647307,75.8971877647307,75.8971877647307,75.8971877647307,75.8971877647307,75.8971877647307,75.8971877647307,125.920679156123,75.8971877647307,75.8971877647307,75.8971877647307,75.8971877647307
161.776697846932,161.776697846932,161.776697846932,161.776697846932,161.776697846932,161.776697846932,161.776697846932,161.776697846932,161.776697846932,161.776697846932,161.776697846932,161.776697846932
151.313824255439,151.313824255439,151.313824255439,151.313824255439,151.313824255439,151.313824255439,151.313824255439,151.313824255439,130.674326260672,146.700404061744,146.700404061744,146.700404061744
165.039718193147,165.039718193147,165.039718193147,165.039718193147,165.039718193147,165.039718193147,165.039718193147,165.039718193147,165.039718193147,165.039718193147,165.039718193147,165.039718193147
160.103895340454,160.103895340454,160.103895340454,160.103895340454,160.103895340454,160.103895340454,160.103895340454,160.103895340454,160.103895340454,160.103895340454,160.103895340454,160.103895340454
0,0,0,0,0,0,0,0,0,0,0,0
30,118.670708970753,118.670708970753,118.670708970753,118.670708970753,118.670708970753,118.670708970753,118.670708970753,0,0,0,0
190.864888080867,190.864888080867,190.864888080867,190.864888080867,190.864888080867,190.864888080867,190.864888080867,190.864888080867,190.864888080867,190.864888080867,190.864888080867,190.864888080867
0,0,0,0,0,0,0,0,0,0,0,0
109.045934927091,109.045934927091,109.045934927091,109.045934927091,109.045934927091,109.045934927091,109.045934927091,109.045934927091,109.045934927091,109.045934927091,109.045934927091,109.045934927091
0,0,0,0,0,0,0,0,0,0,0,0
111.398436186355,111.398436186355,111.398436186355,111.398436186355,111.398436186355,111.398436186355,111.398436186355,111.398436186355,111.398436186355,111.398436186355,111.398436186355,111.398436186355
0,0,0,0,0,0,0,0,0,0,0,0
30.9535254161171,30.9535254161171,30.9535254161171,30.9535254161171,30.9535254161171,30.9535254161171,30.9535254161171,30.9535254161171,30,30.9535254161171,30.9535254161171,30
0,0,0,0,0,0,0,0,0,0,0,0
154.758615591924,154.758615591924,154.758615591924,154.758615591924,154.758615591924,154.758615591924,154.758615591924,154.758615591924,154.758615591924,154.758615591924,154.758615591924,154.758615591924
0,0,0,0,0,0,0,0,0,0,0,0
119.894753967881,119.894753967881,119.894753967881,119.894753967881,119.894753967881,119.894753967881,119.894753967881,119.894753967881,119.894753967881,119.894753967881,119.894753967881,119.894753967881
185.685030245773,185.685030245773,185.685030245773,185.685030245773,185.685030245773,185.685030245773,185.685030245773,185.685030245773,185.685030245773,185.685030245773,185.685030245773,185.685030245773
0,0,0,0,0,0,0,0,0,0,0,0
30,120.235709402468,120.235709402468,120.235709402468,120.235709402468,120.235709402468,120.235709402468,120.235709402468,30,55.7915493690161,120.235709402468,30
129.596170687968,129.596170687968,129.596170687968,129.596170687968,129.596170687968,129.596170687968,129.596170687968,129.596170687968,129.596170687968,129.596170687968,129.596170687968,129.596170687968
0,0,0,0,0,0,0,0,0,0,0,0
132.551163783225,132.551163783225,132.551163783225,132.551163783225,132.551163783225,132.551163783225,132.551163783225,132.551163783225,132.551163783225,132.551163783225,132.551163783225,132.551163783225
116.501589771915,116.501589771915,116.501589771915,116.501589771915,116.501589771915,116.501589771915,116.501589771915,116.501589771915,116.501589771915,116.501589771915,116.501589771915,116.501589771915
139.252924394659,139.252924394659,139.252924394659,139.252924394659,139.252924394659,139.252924394659,139.252924394659,139.252924394659,139.252924394659,139.252924394659,139.252924394659,139.252924394659
52.6261734834177,52.6261734834177,52.6261734834177,52.6261734834177,52.6261734834177,52.6261734834177,52.6261734834177,52.6261734834177,30,52.6261734834177,52.6261734834177,30
0,0,0,0,0,0,0,0,0,0,0,0
115.115201964256,115.115201964256,115.115201964256,115.115201964256,115.115201964256,115.115201964256,115.115201964256,115.115201964256,115.115201964256,115.115201964256,115.115201964256,115.115201964256
-44.2635405784551,-69.1553102741509,-85.042487109782,-72.472890687853,-70.1193381603589,-65.435724091052,-51.8908932334049,-54.1482878930209,-37.4517380064192,-44.5537186758631,-45.642500153793,-38.1144227760327
-39.2847642926652,-61.3767002865672,-75.4768827190463,-64.3211182628754,-62.2322940277438,-58.0754942700648,-46.0541900392487,-48.057672272247,-33.2391553116961,-39.5423030708694,-40.5086180824507,-33.82730110018
-54.3682381623997,-84.9424228167088,-104.456402101687,-89.0173567171131,-86.1265237048801,-80.3737113032263,-63.7368001950259,-66.5095239508898,-46.0014039753497,-54.7246595354579,-56.0619933755737,-46.8153696660762
-58.8522855189533,-91.9480911878782,-113.071495574462,-96.3591072789479,-93.2298513829713,-87.0025729306551,-68.9935243429743,-71.9949298631948,-49.7953925404616,-59.2381029211952,-60.6857340317997,-50.6764904544712
-53.5841500181548,-83.7173997347565,-102.949952210231,-87.7335657319166,-84.8844237504857,-79.2145772891062,-62.8176004733842,-65.5503365471433,-45.3379806845682,-53.9354311515728,-55.2534782234508,-46.1402075205976
-43.6136753660306,-68.1399908981073,-83.7939165429347,-71.4088635023547,-69.0898651902091,-64.4750146633637,-51.1290453126708,-53.3532975204896,-36.90188181875,-43.899593147873,-44.9723894335388,-37.5548372315848
-60.0904656015357,-93.8825665295984,-115.450381500362,-98.3863850024235,-95.1912933909851,-88.8330006189979,-70.4450636827865,-73.5096151029856,-50.8430266757257,-60.4844001298798,-61.9624876279003,-51.7426618118382
-38.9199833842816,-60.8067834527196,-74.7760378409886,-63.7238608688032,-61.6544325296547,-57.5362309720382,-45.6265512439072,-47.6114300289266,-32.9305112486141,-39.1751307715446,-40.1324730102441,-33.5131957759998
-47.530175969302,-74.2589504496612,-91.318595945361,-77.8213672557927,-75.2941232910559,-70.2648599746276,-55.720424854321,-58.144414530735,-40.2156645071394,-47.8417691191494,-49.0109023281479,-40.9272552045911
-60.6000982184676,-94.6787929789328,-116.429526518808,-99.220808739323,-95.9986192699636,-89.5864012479027,-71.042514572794,-74.1330567278687,-51.2742309354715,-60.9973737408043,-62.487997031186,-52.1814959576918
-39.3019229105172,-61.4035081181578,-75.5098491631769,-64.3492121437464,-62.2594755616158,-58.1008602161432,-46.0743053756035,-48.0786626803155,-33.2536733563881,-39.5595741753191,-40.5263112495067,-33.8420760324723
-38.7543481472636,-60.548002612809,-74.4578068019678,-63.4526655629242,-61.3920442741299,-57.2913689133863,-45.4323742691902,-47.4088058289176,-32.790365941204,-39.0084096810835,-39.961677673218,-33.3705706861898
-59.7605141953544,-93.367065700436,0,-97.8461541062961,-94.6686064589378,-88.3452265074791,-70.0582560987883,-73.1059803394958,-50.5638521348358,-60.1522856642137,-61.622257115145,-51.4585474543695
-33.1275272712395,-51.7569177051566,0,-54.2398468652098,-52.4784112791736,-48.9731211288315,-38.8359575003206,-40.5254270314764,-28.0294675019029,-33.3447011057266,-34.1595622223744,-28.5254311661447
-40.2832049399329,-62.936617813493,0,-65.9558695489702,-63.8139568695293,-59.5515101030075,-47.2246788060799,-49.2790804765121,-34.08394398083,-40.5472891865658,-41.5381635458483,-34.6870377694436
-49.3412856795701,0,-94.7982379300975,-80.786705191725,-78.1631620656363,-72.9422615957129,-57.843619234647,-60.3599736278124,-41.7480590124912,-49.6647519051601,-50.878434255083,-42.4867644595859
-37.3039338588536,0,0,-61.0778958359131,-59.0943950433509,-55.1471909295692,-43.7320291996247,-45.6344911350044,-31.5631587358965,-37.5484869246846,-38.4660780551874,-32.1216488271064
-50.71463641239,0,0,-83.0352984184536,-80.3387323699749,-74.9725149025799,-59.4536214016102,-62.040015257718,-42.9100621230497,-51.0471059011063,-52.2945695261158,-43.6693284787857
-55.7519594447673,0,0,-91.2829296904666,-88.3185223396492,-82.4192956118615,-65.35895993168,-68.2022520377571,-47.1721816913637,-56.1174520670706,-57.4888222739833,-48.0068635518143
-46.5548047211291,0,0,-76.2243875988306,-73.7490054471432,-68.8229481201373,-54.5769807321284,-56.951227486535,-39.390395042289,-46.8600036384013,-48.0051449539535,-40.0873831195609
-42.593908112672,0,-67.5270608101845,-59.9685200383627,-58.5467562098197,-55.7086903668597,-47.3975256708183,-48.7976687204405,-38.1555073529358,-42.7792662388601,-43.4726080347253,-38.5960918440048
-51.1774540607716,-79.9572891902017,0,-83.7930718003663,-81.0718971093822,-75.6567079776975,-59.9961903164519,-62.6061873925955,-43.3016558610429,-51.5129576390093,-52.7718055156317,-44.0678512198068
-55.6770826715948,-86.9873009929942,0,-91.1603336187048,-88.1999075675405,-82.3086037014062,-65.2711806308926,-68.1106540991996,-47.1088278508219,-56.0420844249054,-57.4116128351002,-47.9423887052136
-38.2362886610061,-59.7386104122663,0,-62.6044444756209,-60.5713691128266,-56.5255106661136,-44.8250444185133,-46.7750554817698,-32.3520316394852,-38.4869539568815,-39.4274788750158,-32.9244803367891
-49.6282159831209,-77.5368312117315,0,-81.2564974463101,-78.6176978465567,-73.3664367053211,-58.179992456319,-60.710979997363,-41.9908330521242,-49.9535632351378,-51.1743034117929,-42.7338342319961
-34.4878687430496,-53.8822523560321,0,-56.4671399713704,-54.6333731830083,-50.9841425712126,-40.4307086917567,-42.1895542270366,-29.180463371996,-34.7139605559668,-35.5622829497471,-29.6967931787348
-55.0928855704679,-74.9727524346834,-87.3425519979162,-77.565993793392,-75.7270202080861,-72.0561375946841,-61.3061015955198,-63.117109888327,-49.3520574566165,-55.3326361472081,-56.2294357580769,-49.9219293473662
-63.9202709263217,-86.9854355620443,-101.337214946967,-89.9941850314104,-87.8605576386548,-83.6014993454156,-71.1290138979909,-73.2301951944033,-57.2596053144351,-64.1984360952232,-65.2389275035018,-57.9207862504639
-50.3361013591626,0,-79.8012938478529,-70.8688551194941,-69.1886606655591,-65.8347263527621,-56.0128610417419,-57.6675047592584,-45.09094306273,-50.5551515905447,-51.3745204735524,-45.6116115475532
-65.8169995490273,-89.5665849063457,-104.344229675624,-92.6646140541986,-90.467674787332,-86.0822359632615,-73.2396500797532,-75.4031804658776,-58.9586896698488,-66.1034188105672,-67.1747850854125,-59.6394900597375
-39.9157367654605,-54.3190399228068,-63.2811710236721,-56.1978875883753,-54.8655198100383,-52.2059026457487,-44.4173179179979,-45.7294243641796,-35.7564087245442,-40.0894401540459,-40.7391867924392,-36.1692906446989
-37.0454751613318,-50.413065304834,-58.7307473018,-52.1568087545848,-50.9202489053162,-48.4518795457006,-41.2233565255896,-42.4411119949841,-33.1852361650438,-37.2066878831484,-37.8097125271677,-33.5684285637593
-43.2521199904583,-58.8593327567163,-68.5705695058339,-60.8952251455368,0,-56.5695675044634,-48.1299687772759,-49.5517485075103,-38.7451317676815,-43.4403424915232,-44.144398631895,-39.192524695873
-46.5547941420001,-63.3537528433035,-73.8065266684741,-65.5451032575195,0,-60.8891441726614,-51.805108951452,-53.3354538841613,-41.7036583142514,-46.7573890620156,-47.5152059895246,-42.1852135692803
-47.366163281239,0,-75.0928461360366,-66.6874404752326,-65.1063811023292,-61.9503361166249,-52.707981951597,-54.2649981364012,-42.430480588373,-47.572289078555,-48.3433134378551,-42.9204285144462
-43.7228980730782,-59.499987684743,-69.3169264761565,-61.558039762278,-60.0985908008225,-57.1852994623479,-48.6538398481626,-50.0910949524469,-39.1668534971242,-43.9131692836208,-44.6248887292802,-39.6191160776001
-56.4705481368173,-76.8475345132757,-89.5266555004103,-79.5056229299738,-77.6206636417456,-73.857986280082,-62.8391329548763,-64.6954276454918,-50.5861638466938,-56.7162939594304,-57.6355191020283,-51.1702860560349
-36.401599615659,-49.5368519537883,-57.7099669824214,-51.2502879568042,-50.035220358458,-47.6097529365669,-40.5068665612476,-41.703456612627,-32.6084541977186,-36.5600103507612,-37.1525540164686,-32.9849864520104
-46.7438274169382,-63.6109973999663,-74.1062141594206,-65.8112456764319,-64.2509595704175,-61.1363813164028,-52.0154608514894,-53.5520196687136,-41.8729938091952,-46.947244962892,-47.7081389658827,-42.3565043938222
-43.1796586573019,-58.7607242787691,-68.4556915557407,-60.7932058873391,0,-56.4747951261762,-48.0493354648938,-49.4687332528158,-38.6802211019886,-43.3675658246129,-44.0704424425345,-39.1268645018789
-43.5569186786052,-59.2741158335552,-69.0537878922499,-61.324355203043,-59.8704465526272,-56.9682145527052,-48.4691417784398,-49.9009408232582,-39.0181696057683,-43.7464675879806,-44.4554852282284,-39.4687153222539
-36.8579831490657,-50.1579181642632,-58.4335032808893,-51.8928362995364,0,-48.206658223676,-41.0147197073633,-42.2263119564883,-33.017281329021,-37.018379952137,-37.6183526092818,-33.39853434071
-53.1361580634409,-72.3099540452466,-84.2404168990084,-74.8110915570355,-73.0374325792657,-69.4969282698921,-59.1287000290851,-60.8753869543456,-47.5992262633726,-53.367393447276,-54.2323415323314,-48.1488580815146
-42.7644820934948,-58.1957342730235,-67.7974835087824,-60.2086733757822,0,-55.9317845487123,-47.5873364910285,-48.9930866329387,-38.3083070622813,-42.9505825153506,-43.6467009071054,-38.750655942998
-38.5135998854325,-52.410952152537,-61.0582667033783,-54.2238007456263,0,-50.3720439377191,-42.8570521027707,-44.1230676337446,-34.5003783106593,-38.6812015220007,-39.3081242368444,-34.8987567538835
-33.3606702356896,-45.3986253349595,-52.8889718622395,-46.9689237303625,-45.8553608680023,-43.6325129799027,-37.122989975681,-38.2196188747639,-29.8843979075502,-33.5058476001828,-34.0488911488352,-30.2294752805546
-42.7934167886567,-58.2351098423857,-67.8433556770406,-60.2494109113478,0,-55.9696283166372,-47.619534357284,-49.0262356378457,-38.334226683723,-42.9796431271309,-43.6762325166034,-38.7768748602429
-51.7020357430358,-70.3583391211879,-81.9668038536156,-72.7919719946517,-71.0661833187914,-67.6212357158229,-57.5328415481802,-59.2323861357639,-46.3145433787573,-51.9270301821487,-52.7686336860379,-46.8493408677508
-62.373467672594,-84.8804796098178,-98.8849610448463,-87.8164205099863,0,-81.5784310866302,-69.4077666545511,-71.4581015759582,-55.8739831553923,-62.6449015372927,-63.6602141490413,-56.5191642089374
-34.7473858477751,-47.2857271849656,-55.0874277826502,-48.9212987683817,-47.7614480168585,-45.4462021688875,-38.6660953570441,-39.8083082448262,-31.1266139914417,-34.8985978547514,-35.4642143002202,-31.4860353262773
-63.5009758798691,-86.4148409491596,-100.672477585363,-89.4038540542982,-87.2842225251989,-83.0531021930951,-70.6624319709389,-72.7498302389549,-56.8840019491451,-63.7773163807001,-64.8109825223294,-57.5408457650825
-37.7052183351941,-51.3108720022376,-59.776683666753,-53.0856697935222,0,-49.3147594696824,-41.9575036232585,-43.1969461098896,-33.7762323106608,-37.8693020957084,-38.4830660106057,-34.1662489859777
-61.1341596506057,-83.1939763061563,-96.9202005457163,-86.0715825450428,0,-79.9575366929183,-68.0286930642419,-70.0382895657619,-54.7638143908722,-61.4002003541013,-62.3953395634157,-55.396176242838
-60.0252950086265,-81.6849859269839,-95.1622409353627,-84.510397520028,-33.3651003128224,-78.5072495571296,-66.7947738804319,-68.7679198849152,-53.7704964523415,-60.286510208163,-61.263599366747,-54.3913883879367
-63.9396503256239,-87.0118078765668,-101.36793844554,-90.0214695410241,0,-83.6268457154263,-71.1505788498024,-73.2523971840552,-57.2769653277641,-64.2178998288657,-65.2587066941689,-57.9383467211626
-37.9162381102259,-51.5980367275639,-60.1112278730049,0,-52.117141802549,-49.5907528177788,-42.1923215971729,-43.4387007065381,-33.9652632527509,-38.0812401764749,-38.6984390621525,-34.3574626824641
-50.1658360288966,-68.2678129186519,-79.5313604742747,-70.6291363352286,-68.9546252547747,-65.6120358558276,-55.8233936808042,-57.4724404519656,-44.9384198417162,-50.3841453077818,-51.2007426191002,-45.4573271295231
-46.8395048864107,0,-74.2578982519474,0,-64.3824714632724,-61.2615181436654,-52.121928548782,-53.661632467027,-41.9587014268272,-47.0433387969868,-47.8057902336916,-42.4432016837116
-39.1253832569997,-53.2434931019758,-62.0281690853151,0,-53.7791523873301,-51.1721971034741,-43.5378306305858,-44.8239566485643,-35.0484121954695,-39.2956472230984,-39.9325285212306,-35.453118826863
-52.5145913970511,-48.182658430863,-83.255004384903,0,-72.1830683356981,-68.683979505748,-58.4370348748006,-3.26076480901456,-47.0424285295972,-52.7431218768827,-53.5979521265992,-47.5856309627517
-53.5492356294415,-72.872087645101,-84.8952972599479,0,-73.6052215571733,-70.0371935623127,-59.5883632862524,-61.3486288594608,-47.9692600265384,-53.782268624414,-54.6539407682405,-48.5231646521604
-97.5426979458218,-110.523739563215,-118.808891892979,0,-111.026479475411,-108.583977801293,-101.520357367183,-102.697587205865,-93.9903473593404,-97.6940256338473,-98.2618244625379,-94.3359370333061
-64.8401260972672,-73.4690895468242,-78.9765271419509,0,-73.8032787786923,-72.1796604056336,-67.4842188267537,-68.2667656784716,-62.4787513883464,-64.940719033286,-65.3181552578883,-62.708477226464
-78.265019695963,-88.6805761574393,-95.328307088904,0,-89.0839579580098,-87.124175773818,-81.4565614465264,-82.4011315522481,-75.414731622402,-78.3864400045383,-78.842022917936,-75.6920212935846
-59.6987584992109,-67.6435056192405,-72.7142420093537,-68.7023832225386,-67.9511959870292,-66.45631917259,-62.1331932051266,-62.8536895756139,-57.5246242561261,-59.7913751203616,-60.1388832974367,-57.7361344452062
-35.0282454280386,-39.6898256514829,-42.6650801331338,0,-39.8703629690033,0,-36.4566499460066,-36.8794011778563,-33.7525722017472,-35.0825882287591,-35.2864886451304,-33.876675801217
-51.9310139038201,-58.8420248448273,-63.2529789182032,0,-59.1096798709853,0,-54.0486904810059,-54.6754389758498,-50.0397686175735,-52.0115796502715,-52.313871564359,-50.2237580144395
-85.2453317110639,-96.5898323444632,-103.830462073811,-98.1018298265508,-97.0291910200174,0,-88.7215211537213,-89.7503357160814,-82.1408317282277,-85.3775812718661,-85.8737967807274,-82.4428523511296
-55.4464643979019,-62.8253136305351,-67.5348655842708,-17.2485604924154,-63.1110874632254,0,-57.7074962961173,-58.3766722950716,-53.4271919718756,-55.5324840123191,-55.8552394640667,-53.6236364619026
-38.2075968254859,-43.2922870681908,-46.5375916016901,0,-43.4892109207984,0,-39.7656509974639,-40.2267733981611,-36.8161366562537,-38.2668720702184,-38.4892795818155,-36.951504563929
-66.2281648761199,-75.0418493712732,-80.6671852095754,-76.2165391346421,-75.3831926239804,-73.7248172971723,-68.9288599514733,-69.7281588584667,-63.8162399930297,-66.330911214738,-66.7164272526877,-64.0508835941283
-56.7781862573333,-64.3342618456459,-69.1569285552642,-65.3413372236804,-64.6268994389741,-63.2051547270951,-59.0935239735377,-59.7787723463628,-54.7104146301571,-56.8662719043119,-57.1967793470116,-54.9115773546897
-81.1867627079754,-91.9911465079708,-98.8870465636521,-93.4311571024438,-92.4095871172093,0,-84.4974491906742,-85.4772814239271,-78.2300693809115,-81.312715807055,-81.7853062699144,-78.5177106646309
-67.1211877237469,-76.0537162430503,-81.7549043028141,-77.2442455634947,-76.3996621798893,-74.7189252632718,-69.8582990641634,-70.6683757450443,-64.6767403627746,-67.2253194975204,-67.6160338469538,-64.9145479062416
-85.447017484533,-96.8183585834327,-104.076119245092,-98.3339333685296,-97.2587567574853,-95.1191349544239,-88.9314314005122,-89.9626800816282,-82.3351724252251,-85.5795799405333,-86.0769694680383,-82.6379076123349
-86.2585907870087,-97.737936555011,-105.06463121767,-99.2679062256135,-98.1825176181923,-96.0225737490848,-89.7760995656553,-90.8171430169393,-83.1171895132661,-86.3924123173849,-86.8945260362465,-83.4228000704335
-45.1608577284164,-51.1708921645705,-55.0067978089941,-51.9719108456371,-51.4036534693854,0,-47.0024564846858,-47.5474968657492,-43.5161708085748,-45.2309202582951,-45.4938029000599,-43.6761738270176
-40.8523517212656,-46.2890075553773,-49.75895419585,-47.0136062131581,-46.499562606138,-45.4766061001959,-42.5182554242687,-43.0112970197892,-39.3645737670738,-40.915730037291,-41.1535327426199,-39.5093119300465
-86.5261807516938,-98.0411375550797,-105.390560967979,-99.5758534721302,-98.4870977902359,-96.3204533792069,-90.0546014875294,-91.0988744464812,-83.375034275204,-86.6604174209941,-87.1640887886775,-83.6815928923553
-74.533079165536,-84.4519867095708,-90.7827313731616,-85.7739808383812,-84.8361339032041,-82.9698007540014,-77.5724374239115,-78.4719672360888,-71.8187024560357,-74.6487097436219,-75.0825689246793,-72.0827700189689
-33.8062031030535,-38.305153190025,-41.1766089555327,-38.9047742243359,-38.4793920406781,-37.6328734450922,-35.1847743862468,-35.5927769519288,-32.5750347229606,-33.8586500279821,-34.0554369011016,-32.6948086778997
-91.4359912030771,-103.604348569961,-111.37080501923,-105.226149854515,-104.075614212156,-101.786026510654,-95.1646273749251,-96.2681561827242,-88.1060372053295,-91.5778449496154,-92.1100964640662,-88.4299910742922
-66.5077667657599,-75.3586608505817,-81.007745716706,-76.5383099160572,-75.7014451853218,0,-69.2198636283714,-70.0225370133561,-64.0856592246383,-66.610946878596,-66.9980904871254,-64.3212934434655
-68.4169075950062,-77.5218713034884,-83.3331161561866,-78.7353828229989,-77.8744954449294,-76.1613132707848,-71.2068566409803,-72.0325711925286,-65.9252721682789,-68.5230495478764,-68.9213063196612,-66.1676703927225
-72.4727279934455,-82.1174427493517,-88.2731838127442,-83.4028924044427,-82.4909707906635,-80.6762295216638,-75.4280679149946,-76.3027316231064,-69.8333860107743,-72.5851621438545,-73.0070279619351,-70.0901538362098
-82.5594418647668,-93.5465026425051,-100.558996314658,-95.0108604638248,-93.9720181083274,-42.1114406761056,-85.9261043486989,-86.9225032639931,-79.5527577366448,-82.6875245375363,-83.168105404945,-79.8452623648507
-88.7761551846352,-100.590539955128,-108.131073326103,-102.165163695975,-101.048096670315,-98.8251121494172,-92.3963268376535,-93.4677544385674,-85.5430682024514,-88.9138824630351,-89.4306509961087,-85.8575983843338
-57.8284924715843,-65.5243434502163,-70.4362218298132,-66.550048122307,-65.8223943739634,-64.3743496443417,-60.1866602560194,-60.8845846347495,-55.7224703553939,-57.9182075630468,-58.2548288681962,-55.9273542706439
-38.294925213778,-43.391237171554,-46.6439592669512,-44.0704747243648,-43.5886111190143,-42.6296934253822,-39.8565405194313,-40.3187168748236,-36.900284682941,-38.3543359397241,-38.5772517923619,-37.0359619914211
-80.8195523402016,-91.5750675609308,-98.4397772364183,-93.0085649406586,-91.9916155496868,-89.9678670164854,-84.1152644802817,-85.0906649004813,-77.8762322332025,-80.9449357493183,-81.4153886701466,-78.1625725060419
-54.4958752903928,-61.7482195459699,-16.1451043736136,-62.7148135467126,-62.0290939951646,-60.6644991107458,-56.7181434492514,-57.3758469147896,-52.5112218142692,-54.5804201613907,-54.8976422068128,-52.7042984070916
-87.7545188501208,-99.4329436353414,0,-100.989446600136,-99.8852347860941,-97.6878323795927,-91.3330295538651,-92.3921271618364,-84.5586382453341,-87.8906611624726,-88.4014827212846,-84.8695488126764
-57.0984780917178,-64.6971783123136,0,-65.7099347104977,-64.9914667056718,-63.5617017794849,-59.4268768761462,-60.1159908084898,-55.0190419431608,-57.1870606392723,-57.5194325098813,-55.2213394481838
-46.9908267537229,-73.4162961598767,0,-76.9382884005449,-74.4397223656107,-69.4675286722028,-55.088136695819,-57.4846201216484,-39.7593167940586,-47.2988840967377,-48.4547505532717,-40.4628327079301
-56.9755973316433,-89.0160402903403,-109.465859222451,-93.2863974126182,-90.2569275746215,-84.2282252660777,-66.7934512108331,-69.6991475799908,-48.2075115577756,-57.3491117459066,-58.7505806356067,-49.0605129240894
-59.5471437190336,-93.0337055285998,-114.406510097729,-97.4968016820586,-94.330599232515,-88.0297964394086,-69.8081183000214,-72.8449608677431,-50.3833176571813,-59.937516396968,-61.4022394240381,-51.2748185335436
-40.4880556952443,-55.0978759738151,-64.1885077036522,-57.0036628912258,-55.6521913868206,-52.9544401588146,-45.0541813186176,-46.3851009802851,-36.2690904694506,-40.6642496738953,-41.3233124950991,-36.6878923639768
-46.447133118622,-72.5668543497972,-89.2377714910893,-76.0480964080062,-73.5784393015569,-68.6637749229185,-54.4507555012283,-56.8195111155835,-39.2992932326477,-46.7516261741318,-47.8941190154549,-39.9946693211322
-50.6725823540248,0,-80.3347403806629,0,-69.6511650857528,-66.274810777688,-56.3872893883858,-58.0529938783733,-45.3923618252354,-50.8930968672601,-51.7179429733635,-45.9165108150051
96.8540971583248,125.914021296544,142.052226453932,129.373118526225,126.924737768536,121.967257843663,106.685697346146,109.370436902156,86.0331002206912,97.2583641002977,98.7484048500886,87.2451424342617
49.3320642347385,64.1335655269329,72.3534653227695,65.8954363381373,64.6483680121381,62.1233047956952,54.3397319145374,55.7071882030842,43.8204531447232,49.5379752218266,50.2969187062814,44.4377997112533
51.2722158746215,99.7038144951131,135.127134757138,106.761084877425,101.736251209798,91.9993347818665,65.5567008693827,69.8214622291405,37.8790690314309,51.8190970063003,53.8643699812441,39.261975195362
33.2656433227129,64.6882814469903,87.6710903044092,69.2670700826135,66.0069354913569,59.6895804984168,42.5334811717022,45.3004774450272,24.5761096590269,33.6204622505867,34.9474445181064,25.4733453726268
47.1106997305289,91.6113412799187,124.15952309448,98.0958073835734,93.478815001378,84.5321966757869,60.2357826221877,64.1543940653371,34.8046094121514,47.6131931832364,49.4924613082023,36.075271815426
48.124407194858,93.5825941164051,126.831133493993,100.206590130018,95.4902513219075,86.3511235700282,61.5319098886705,65.53484030166,35.5535197988782,48.6377130822503,50.5574184780835,36.8515237608689
41.7344462235695,81.1566930227153,109.99048983288,86.901154545034,82.8110514178988,74.8854174636609,53.3617001012457,56.8331212323396,30.832721826513,42.1795953319392,43.8444021581947,31.9583767635253
40.499252765667,78.7547391127566,106.73515651073,84.3291846906075,80.3601342928585,72.6690713488016,51.7823806461718,55.1510598683932,29.9201812338951,40.9312270193015,42.5467613935052,31.0125207267151
53.421744025713,103.883781215345,140.792183071942,111.236919468742,106.001425480728,95.8563001308751,68.3050894772791,72.7486460079518,39.4671050433579,53.9915525142026,56.1225711851596,40.907987943402
44.1197069621788,85.165788599734,115.18727326601,91.1468692268788,86.8882913807766,78.6361940314678,56.2258970105354,59.8403088392469,32.7689315517471,44.5831921292247,46.316573720827,33.9409531434065
44.5328571095162,85.9633065464931,116.265921384912,92.000395803624,87.701939359369,79.3725668994474,56.7524131466012,60.4006714099876,33.0757896392295,45.0006824904538,46.7502959863291,34.2587863920269
41.6907070044336,80.4770063943713,108.845665373289,86.1288000522472,82.1046771950937,74.3068970997495,53.1303936433021,56.5458148897158,30.9648458305346,42.1286751060073,43.7666257869654,32.0723420526339
43.3879632418355,83.7532785155359,113.276844351599,89.635160428747,85.4472128703562,77.3319799934292,55.2933670847723,58.847832387532,32.225445170346,43.8437613142969,45.5483940500716,33.3780282956407
43.267886496808,83.5214902425195,112.963349231284,89.3870939720592,85.2107366122761,77.117962746471,55.1403419818389,58.6849702562622,32.1362608373192,43.7224231422551,45.4223382850596,33.2856541740246
49.0893971124516,94.758952514153,128.162088757818,101.413748347661,96.6754798183437,87.4938575528538,62.5592411282342,66.5807841031153,36.4600584331493,49.605089735713,51.5337212511154,37.7640977683754
45.9048914429383,59.6781101507059,67.3269611293356,61.3175811434455,60.1571485320202,57.8075052597294,50.5646689079487,51.8371259488705,40.7761802753102,46.0964974836709,46.8027160213637,41.3506388461981
