30,30,30,30,124.229316915471,124.229316915471,124.229316915471,124.229316915471,124.229316915471,124.229316915471,30,124.229316915471
56.6577145876944,56.6577145876944,56.6577145876944,65.0398132985188,73.3457062448439,73.3457062448439,73.3457062448439,73.3457062448439,73.3457062448439,73.3457062448439,73.3457062448439,73.3457062448439
0,0,0,0,0,0,0,0,0,0,0,0
174.880388253861,174.880388253861,174.880388253861,174.880388253861,174.880388253861,174.880388253861,174.880388253861,174.880388253861,174.880388253861,174.880388253861,174.880388253861,174.880388253861
105.979473642453,105.979473642453,105.979473642453,105.979473642453,105.979473642453,105.979473642453,105.979473642453,105.979473642453,105.979473642453,105.979473642453,105.979473642453,105.979473642453
0,0,0,0,0,0,0,0,0,0,0,0
54.2086541148072,119.806286475962,119.806286475962,119.806286475962,119.806286475962,119.806286475962,119.806286475962,119.806286475962,119.806286475962,119.806286475962,119.806286475962,119.806286475962
176.053071219896,176.053071219896,176.053071219896,176.053071219896,176.053071219896,176.053071219896,176.053071219896,176.053071219896,176.053071219896,176.053071219896,176.053071219896,176.053071219896
116.911083656254,116.911083656254,116.911083656254,116.911083656254,116.911083656254,116.911083656254,116.911083656254,116.911083656254,116.911083656254,116.911083656254,116.911083656254,116.911083656254
0,0,0,0,0,0,0,0,0,0,0,0
132.321226082725,168.53598183678,132.321226082725,168.53598183678,168.53598183678,168.53598183678,168.53598183678,168.53598183678,168.53598183678,168.53598183678,168.53598183678,168.53598183678
195.339334619494,195.339334619494,195.339334619494,195.339334619494,195.339334619494,195.339334619494,195.339334619494,195.339334619494,195.339334619494,195.339334619494,195.339334619494,195.339334619494
100.394826632791,100.394826632791,100.394826632791,100.394826632791,100.394826632791,100.394826632791,100.394826632791,100.394826632791,100.394826632791,100.394826632791,100.394826632791,100.394826632791
81.3833554091909,81.3833554091909,81.3833554091909,81.3833554091909,81.3833554091909,81.3833554091909,81.3833554091909,81.3833554091909,81.3833554091909,81.3833554091909,81.3833554091909,81.3833554091909
181.262096165211,181.262096165211,181.262096165211,181.262096165211,181.262096165211,181.262096165211,181.262096165211,181.262096165211,181.262096165211,181.262096165211,181.262096165211,181.262096165211
161.252606682939,161.252606682939,161.252606682939,161.252606682939,161.252606682939,161.252606682939,161.252606682939,161.252606682939,161.252606682939,161.252606682939,161.252606682939,161.252606682939
0,0,0,0,0,0,0,0,0,0,0,0
30,129.187606817063,129.187606817063,129.187606817063,129.187606817063,129.187606817063,129.187606817063,129.187606817063,129.187606817063,129.187606817063,129.187606817063,129.187606817063
0,0,0,0,0,0,0,0,0,0,0,0
30,30,30,61.8145731522348,171.457578339769,171.457578339769,171.457578339769,171.457578339769,171.457578339769,171.457578339769,167.993263867614,171.457578339769
74.8012556286091,74.8012556286091,74.8012556286091,74.8012556286091,74.8012556286091,74.8012556286091,74.8012556286091,74.8012556286091,74.8012556286091,74.8012556286091,74.8012556286091,74.8012556286091
103.803515689012,103.803515689012,74.9229296140966,74.9229296140966,114.217004760153,103.803515689012,103.803515689012,103.803515689012,103.803515689012,103.803515689012,103.803515689012,103.803515689012
0,0,0,0,0,0,0,0,0,0,0,0
0,0,0,0,106.976381044101,167.413361506635,60.4369804625336,60.4369804625336,167.413361506635,60.4369804625336,0,0
0,0,0,0,0,0,0,0,0,0,0,0
75.8971877647307,75.8971877647307,75.8971877647307,75.8971877647307,125.920679156123,75.8971877647307,75.8971877647307,75.8971877647307,75.8971877647307,75.8971877647307,75.8971877647307,75.8971877647307
161.776697846932,161.776697846932,161.776697846932,161.776697846932,161.776697846932,161.776697846932,161.776697846932,161.776697846932,161.776697846932,161.776697846932,161.776697846932,161.776697846932
30,151.313824255439,34.3162879046425,146.700404061744,151.313824255439,151.313824255439,151.313824255439,151.313824255439,151.313824255439,151.313824255439,151.313824255439,151.313824255439
165.039718193147,165.039718193147,165.039718193147,165.039718193147,165.039718193147,165.039718193147,165.039718193147,165.039718193147,165.039718193147,165.039718193147,165.039718193147,165.039718193147
160.103895340454,160.103895340454,160.103895340454,160.103895340454,160.103895340454,160.103895340454,160.103895340454,160.103895340454,160.103895340454,160.103895340454,160.103895340454,160.103895340454
0,0,0,0,0,0,0,0,0,0,0,0
30,30,0,0,118.670708970753,118.670708970753,30,31.9949661021299,118.670708970753,107.102262376664,30,107.165937445826
190.864888080867,190.864888080867,190.864888080867,190.864888080867,190.864888080867,190.864888080867,190.864888080867,190.864888080867,190.864888080867,190.864888080867,190.864888080867,190.864888080867
0,0,0,0,0,0,0,0,0,0,0,0
109.045934927091,109.045934927091,109.045934927091,109.045934927091,109.045934927091,109.045934927091,109.045934927091,109.045934927091,109.045934927091,109.045934927091,109.045934927091,109.045934927091
0,0,0,0,0,0,0,0,0,0,0,0
111.398436186355,111.398436186355,111.398436186355,111.398436186355,111.398436186355,111.398436186355,111.398436186355,111.398436186355,111.398436186355,111.398436186355,111.398436186355,111.398436186355
0,0,0,0,0,0,0,0,0,0,0,0
30,30,30,30,30.9535254161171,30.9535254161171,30.9535254161171,30.9535254161171,30.9535254161171,30.9535254161171,30.9535254161171,30.9535254161171
0,0,0,0,0,0,0,0,0,0,0,0
154.758615591924,154.758615591924,154.758615591924,154.758615591924,154.758615591924,154.758615591924,154.758615591924,154.758615591924,154.758615591924,154.758615591924,154.758615591924,154.758615591924
0,0,0,0,0,0,0,0,0,0,0,0
119.894753967881,119.894753967881,119.894753967881,119.894753967881,119.894753967881,119.894753967881,119.894753967881,119.894753967881,119.894753967881,119.894753967881,119.894753967881,119.894753967881
185.685030245773,185.685030245773,185.685030245773,185.685030245773,185.685030245773,185.685030245773,185.685030245773,185.685030245773,185.685030245773,185.685030245773,185.685030245773,185.685030245773
0,0,0,0,0,0,0,0,0,0,0,0
30,30,30,30,120.235709402468,120.235709402468,117.562731214418,120.235709402468,120.235709402468,120.235709402468,30,120.235709402468
129.596170687968,129.596170687968,129.596170687968,129.596170687968,129.596170687968,129.596170687968,129.596170687968,129.596170687968,129.596170687968,129.596170687968,129.596170687968,129.596170687968
0,0,0,0,0,0,0,0,0,0,0,0
132.551163783225,132.551163783225,132.551163783225,132.551163783225,132.551163783225,132.551163783225,132.551163783225,132.551163783225,132.551163783225,132.551163783225,132.551163783225,132.551163783225
116.501589771915,116.501589771915,116.501589771915,116.501589771915,116.501589771915,116.501589771915,116.501589771915,116.501589771915,116.501589771915,116.501589771915,116.501589771915,116.501589771915
139.252924394659,139.252924394659,139.252924394659,139.252924394659,139.252924394659,139.252924394659,139.252924394659,139.252924394659,139.252924394659,139.252924394659,139.252924394659,139.252924394659
30,44.1858319472253,30,52.6261734834177,52.6261734834177,52.6261734834177,52.6261734834177,52.6261734834177,52.6261734834177,52.6261734834177,52.6261734834177,52.6261734834177
0,0,0,0,0,0,0,0,0,0,0,0
115.115201964256,115.115201964256,115.115201964256,115.115201964256,115.115201964256,115.115201964256,115.115201964256,115.115201964256,115.115201964256,115.115201964256,115.115201964256,115.115201964256
-31.1983238523748,-39.6550967763369,-34.4104177708201,-39.3251394251087,-57.4296310744296,-64.1331649296201,-48.5794062497029,-48.6807173562336,-60.3362274450554,-50.3129555451213,-43.2509979822526,-49.0005876495426
-27.6891270524197,-35.1946796280343,-30.5399236860141,-34.9018359783796,-50.9699289909905,-56.9194473527739,-43.1151801021114,-43.205095705072,-53.5495905323344,-44.6537392541863,-38.3861127905876,-43.4889868920999
-38.3204298460299,-48.7077562642672,-42.2657962779921,-48.3024746347235,-70.5399482063374,-78.7737975642016,-59.6693507626317,-59.793789664183,-74.1100766157461,-61.7986431718665,-53.1245473888986,-60.1866815128791
-41.4809262674851,-52.7249525741432,-45.7516887490127,-52.2862451415748,-76.3577653543061,-85.2707055139931,-64.5906100051188,-64.725312066677,-80.2223418716146,-66.8955168598768,-57.506020733239,-65.150607865089
-37.7677800685092,-48.0053024877534,-41.6562471940278,-47.6058657509549,-69.5226348087792,-77.6377371944919,-58.808811004694,-58.9314552726377,-73.0412755214396,-60.9073951734167,-52.3583955108188,-59.3186809115954
-30.7402785832288,-39.0728914770434,-33.9052134161297,-38.7477784695198,-56.5864649175899,-63.1915793197529,-47.8661766763487,-47.9660003608858,-59.4503874342236,-49.5742744745213,-42.6159986436549,-48.2811744059193
-42.3536342049691,-53.8342210682507,-46.7142483039053,-53.386283768052,-77.9642393149775,-87.0646968307987,-65.9495174141509,-66.0870534422787,-81.9101217939688,-68.3029166891199,-58.7158770518611,-66.5212969439473
-27.4320180917222,-34.8678774329303,-30.256343491383,-34.5777529996044,-50.4966448226278,-56.3909185940074,-42.71483165034,-42.8039123368664,-53.052352770325,-44.2391044240899,-38.0296763617281,-43.0851674361653
-33.5007503528177,-42.5816304621689,-36.9498957934775,-42.2273223620646,-61.6679198082124,-68.8661723562354,-52.1645511714097,-52.2733390057789,-64.789022077985,-54.0260358602959,-46.4429080475545,-52.6168156262581
-42.7128391673601,-54.2907939153549,-47.1104360247493,-53.8390576188223,-78.6254610064963,-87.8031003170105,-66.5088411738975,-66.6475436573894,-82.6048088679529,-68.8821998387495,-59.213851660276,-67.085470017061
-27.7012209814097,-35.2100517976027,-30.5532627727871,-34.9170802410516,-50.992191401094,-56.9443083660206,-43.1340117512841,-43.2239666271664,-53.5729796750879,-44.6732429081173,-38.4028788995883,-43.5079818108753
-27.3152732109847,-34.7194871038314,-30.127578877688,-34.4305973788763,-50.281741757248,-56.1509307431711,-42.5330463398292,-42.6217479177501,-52.826573151184,-44.0508321302814,-37.8678300835399,-42.9018060546923
-42.121074163656,-53.5386221447888,-46.457744518117,-53.0931444284958,-77.5361446058366,-86.586632318226,-65.5873944751798,-65.7241753052004,-81.4603605948193,-67.9278714438843,-58.3934733892419,-66.1560344143941
-23.3493143731834,-29.6784957265972,-25.7532957874689,-29.4315504753066,-42.9812356791316,-47.998265444473,-36.3575887587487,-36.4334115781755,-45.1565779422235,-37.6550042119526,-32.3697245281548,-36.6728075172797
-28.3928591591096,-36.0891688617333,-31.3161101216869,-35.7888824538396,-52.2653535610306,-58.3660817129457,-44.2109725576169,-44.3031734076558,-54.9105784062519,-45.7886349097063,-39.3617137898758,-44.5942798219004
-34.777276959924,-44.2041787241171,-38.3578500814688,-43.836369919935,-64.0177400245068,-71.4902777991425,-54.1522510532561,-54.2651841847795,-67.257770080938,-56.0846665335145,-48.2125880460536,-54.6217487821053
-26.2929759862581,-33.4200809058402,-29.0000287325185,-33.1420031234124,-48.3999050040216,-54.0494346233565,-40.9412110725587,-41.0265929188321,-50.8494939286136,-42.4021924448627,-36.4505944841811,-41.2961696429051
-35.7452573872798,-45.434544743331,-39.4254911206765,-45.0564984578226,-65.7995908410236,-73.4801170190314,-55.6595087714843,-55.7755852503447,-69.1298029344867,-57.6457105319211,-49.5545229432144,-56.1420743610731
-39.2957197601345,-49.9474131160843,-43.3414993686712,-49.5318166991738,-72.3352542690179,-80.7786626079595,-61.1879901989268,-61.3155961840963,-75.9962457048526,-63.3714750433522,-54.4766156059814,-61.7184874889286
-32.8132782780781,-41.7078087855997,-36.1916434780806,-41.3607714756154,-60.4024265780926,-67.4529631029944,-51.0940774702541,-51.2006328591583,-63.4594804122247,-52.9173624553222,-45.4898487275053,-51.5370609633381
-33.8593503173561,-39.6121021419727,-36.1011523249368,-39.3954333775971,-50.8202833049775,-54.916953851139,-45.327744927568,-45.3913863124428,-52.6016169684909,-46.4138406355471,-41.9451155304879,-45.5921800022618
-36.0714656998121,-45.8491767044557,-39.7852849470265,-45.4676803992841,-66.4000725569897,-74.150690592408,-56.1674529229561,-56.2845887063245,-69.7606758952441,-58.171780599164,-50.006753490403,-56.6544223668789
-39.2429442752111,-49.8803320455768,-43.2832902644621,-49.4652937887552,-72.2381055682329,-80.6701741232944,-61.1058126520096,-61.2332472580113,-75.8941801683535,-63.2863650022043,-54.4034516628562,-61.6355974661513
-26.9501287282832,-34.255364740483,-29.7248401198008,-33.9703368289669,-49.6095866430939,-55.400317619112,-41.9644740585448,-42.0519898935468,-52.1203992982926,-43.4619704269207,-37.3616213731206,-42.3283042757497
-34.9795143863985,-44.4612356338599,-38.5809093191001,-44.0912879415159,-64.3900171008917,-71.9060093072968,-54.4671581664102,-54.5807480286464,-67.6488886365184,-56.4108110628141,-48.4929547274746,-54.9393861266266
-24.3081254676579,-30.8972069279273,-26.8108234444125,-30.6401211713148,-44.7462076592386,-49.9692556280884,-37.8505687629183,-37.9295051538753,-47.0108776971335,-39.2012609980779,-33.698947755297,-38.1787315950112
-43.7952138035793,-51.2360829802353,-46.6948618271554,-50.9558338091365,-65.7332509938647,-71.0320698066995,-58.6289536488648,-58.7112702920144,-68.0373084526723,-60.0337589182003,-54.2537079257519,-58.9709859242876
-50.8124035002729,-59.4455031967993,-54.1766543529694,-59.1203504523382,-76.2655135756408,-82.4133479211964,-68.0229137130377,-68.1184197312356,-78.938743984101,-69.6528071645215,-62.9466340973531,-68.4197489029935
-40.0138837934613,-46.8122996179031,-42.6631728134371,-46.5562474881919,-60.0577651802664,-64.8990777759832,-53.5668611816704,-53.6420705095213,-62.1628876218117,-54.8503739201112,-49.5693792943192,-53.879361990178
-52.3201777745484,-61.2094504668988,-55.7842572229908,-60.8746493509863,-78.5285669142443,-84.8588281050227,-70.0413814943784,-70.1397214961582,-81.2811210263956,-71.7196393460218,-64.8144716528767,-70.4499921141374
-31.7303805685539,-37.1214174018259,-33.8312250972636,-36.9183720897771,-47.6248632875297,-51.4639480388712,-42.4776784960585,-42.5373183102623,-49.2941922773977,-43.4954839124367,-39.3077382259196,-42.7254867226507
-29.4487117228689,-34.4520897708376,-31.39848868085,-34.2636450451815,-44.2002536580173,-47.7632774256541,-39.423192734311,-39.4785439675525,-45.7495445052241,-40.3678097782868,-36.4811965930308,-39.653181561949
-34.3825853887672,-40.2242355969484,-36.6590303951808,-40.0042186083648,-51.605618945354,-55.7655961316511,-46.0282033129707,-46.0928281604414,-53.414479901562,-47.1310826674167,-42.5933014913594,-46.2967247538793
-37.0079937167684,-43.2957045376818,-39.4582650253782,-43.0588873455185,-55.5461551272274,-60.0237826189251,-49.5428554816318,-49.6124149961972,-57.4931382916675,-50.729949231511,-45.8456691416704,-49.8318808613582
-37.6529787190723,-44.050273410145,-40.145953997471,-43.8093289059635,-56.5142280594402,-61.069892815199,-50.4063013361009,-50.4770731520952,-58.4951437561439,-51.6140840666057,-46.6446794647716,-50.7003639258051
-34.75682294356,-40.6620566451042,-37.0580459357821,-40.4396448796622,-52.1673207612386,-56.3725772560169,-46.52919769907,-46.5945259562648,-53.9958702805247,-47.644081353605,-43.0569086581982,-46.8006418639774
-44.8903647657718,-52.5173016500754,-47.8625219072913,-52.230044517998,-67.3769884441907,-72.8083104695314,-60.0950397670618,-60.1794148349368,-69.7386615765802,-61.5349738486302,-55.6103858655806,-60.4456249628381
-28.9368730908268,-33.8532890265048,-30.8527615996171,-33.668119598305,-43.4320231975092,-46.9331191895501,-38.7379908406,-38.7923800317742,-44.9543863164224,-39.6661897981026,-35.8471285925304,-38.9639823060433
-37.1582627144109,-43.4715044519623,-39.6184832198432,-43.2337256761378,-55.7716973470445,-60.267506007928,-49.744021621319,-49.8138635786077,0,-50.9359355024721,-46.0318230521171,-50.0342205732859
-34.3249834035885,-40.1568469524798,-36.5976146260753,-39.9371985637316,-51.5191627913442,-55.6721706662438,-45.9510911396116,-46.0156077194968,-53.3249933186065,-47.0521228133346,-42.5219438929277,-46.2191627199909
-34.6248802618024,-40.5076967138686,-36.9173674287332,-40.2861292604868,-51.9692849334956,-56.1585775750672,-46.3525651243835,-46.4176453846464,-53.7908929746237,-47.4632164951029,-42.8934574703328,-46.6229788420857
-29.2996679274926,-34.2777232224327,-31.2395768083678,-34.0902322402678,-43.9765503726655,-7.42626883175506,-39.2236667813162,-39.2787378747011,-45.5180000555395,-40.163502994445,-36.2965604686645,-39.45249160531
-42.2397443697632,-49.4163370750856,-45.0364059371085,-49.1460414806823,-63.3986108853613,0,-56.5466360297195,-56.6260290423808,-65.620835407652,-57.9015469962959,-52.326785391975,-56.8765203852306
-33.9949453925116,-39.7707350134444,-36.2457250475915,-39.5531985650431,-51.0238010945858,0,-45.509266986393,-45.5731632331681,-52.8122683879449,-46.5997121348596,-42.1130913197294,-45.7747610327886
-30.6157741396681,-35.8174377538026,-32.6428214186812,-35.6215248998621,-45.9519246765226,0,-40.985547210915,-41.0430920322716,-47.5626144445882,-41.9675997481874,-37.9269587664072,-41.2246505736657
-26.5195346091276,-31.0252412951901,-28.2753729630719,-30.8555406145296,-39.8037838682682,0,-35.5018832048934,-35.551728813062,0,-36.3525419578411,-32.8525188040728,-35.7089957173747
-34.017946568577,-39.7976441220701,-36.2702491141494,-39.5799604872536,-51.0583240926066,0,-45.5400588188396,-45.6039982981838,-52.8480014732486,-46.6312417687812,-42.1415852801378,-45.8057325000379
-41.0997116233882,-48.0826111420321,-43.8208924837626,-47.8196107108316,-61.6875093253875,0,-55.0204663586412,-55.0977165876372,-2.89022204485541,-56.3388088541399,-50.9145076959458,-55.3414472756157
-49.5827968367694,-58.0069846105705,-52.8656363611049,-57.6897002201668,-74.4199684483056,0,-66.3768308236106,-66.4700256967279,-77.0285094955687,-67.9672825697097,-61.4233918297285,-66.7640630198036
-27.6218821461497,-32.314879248169,-29.4507060978207,-32.1381245550565,-41.4583228244777,0,-36.9776034272646,-37.0295209867025,-42.9115045321998,-37.8636218347077,-34.218111893183,-37.1933250639777
-50.4790915668711,-59.055561091375,-53.8212740882367,-58.7325412373587,-75.7652379730187,-81.8727446345682,-67.5767067375068,-67.6715862689931,-78.4209329071755,-69.1959086471596,-62.5337257744471,-67.9709388247692
-29.9731640737591,-35.065647322809,-31.9576646257279,-34.8738465834735,-44.9874163413645,-48.6138940287787,-40.1252807001166,-40.1816176839292,-46.5642985220964,-41.0867204368495,-37.1308905251984,-40.3593654006902
-48.5976286207746,-56.8544349120901,-51.8152409017128,-56.5434546940364,-72.9413066496988,-78.8211735673452,-65.0579793634728,-65.1493225333231,-75.4980181937102,-66.6168301792232,-60.2029610107802,-65.4375175836049
-47.7161542966063,-55.823196845287,-50.8754048283962,-55.5178572538507,-71.6182814155929,-77.3914980322982,-63.877943628835,-63.9676299964669,-74.1286187713093,-65.4085196705216,-59.1109866516193,-64.2505977024443
-50.8278088457551,-59.4635259324116,-54.193079674739,-59.1382746078791,-76.288635815568,-82.4383340664998,-68.0435369548895,-68.139071928679,-78.9626766961798,-69.6739245587847,-62.9657183086561,-68.4404924576583
-30.1409108902238,-35.2618945622129,-32.1365178321968,-35.0690203972177,0,-48.8859649365818,-40.3498445159564,-40.4064967934651,-46.8248987316295,-41.3166650144488,-37.3386960362473,-40.5852392872055
-39.8785340751607,-46.6539537897652,-42.5188616925293,-46.398767774021,-59.8546156524457,-64.6795521748122,-53.3856675837529,-53.4606225108716,-61.9526173723204,-54.6648387519408,-49.4017074542535,-53.697111336749
-37.2343199981844,-43.5604839765321,-39.6995761989227,-43.3222185039002,0,-60.3908643802502,-49.845840029719,-49.9158249428183,-57.8447436312078,-51.0401935763912,-46.1260431574918,-50.1366329745808
-31.1021016079397,-36.3863929513199,-33.1613482612613,-36.187368047956,-5.00095485597818,-50.4449336052716,-41.6365971343916,-41.6950560475218,0,-42.6342494445779,-38.5294234224359,-41.8794986220086
-41.7456398267565,-48.8382834667634,-44.5095871055498,-48.5711496879237,0,-67.7078371074684,-55.8851748828563,-55.9636391861037,0,-57.2242366137438,-51.7146864607698,-56.2112003760292
-42.5681138158929,-49.8004969576136,-45.3865164762203,-49.5281001001476,-63.891468194335,-69.0418191739233,-56.9862264635779,-57.0662366731467,-66.13096816766,-58.3516704333789,-52.7335709394085,-57.3186753218985
-90.7291959676623,-95.1393975168829,-92.4043008454615,-94.9673249740054,-104.408805529011,-107.904694050464,-99.7934190708545,-99.8462527466539,-105.924593635414,-100.697463894695,-97.0146576440927,-100.013064895423
-60.3109472173347,-63.2425661963859,-61.424449445487,-63.1281834120974,-69.4042738076234,-71.7281161589894,-66.3362610682104,-66.3713815054463,-70.4118724698062,-66.9372120528548,-64.4891187900101,-66.482267517301
-72.7980921068233,-76.3366912883287,-74.1421406006078,-76.1986259975274,-83.7741562746066,-86.5791410633027,-80.0709235400277,-80.1133155259389,-84.9903742847793,-80.7962990671966,-77.8413377035083,-80.2471600512996
-55.528711763842,-58.227873902724,-56.5539210687572,-58.1225608716319,-63.9010012818134,-66.0405792202697,-61.0762604519149,-61.108596084603,-64.8287044313654,-61.6295602349587,-59.37558361155,-61.21068961281
-32.5814705843905,-34.1652039186788,-33.1830121247921,-34.1034114996637,-37.4939113017963,-38.749308616996,-35.8364946729129,-35.8554676047852,-38.03824110737,-36.1611433102207,-34.838622568774,-35.915370980543
-48.3035556377176,-50.6515144577457,-49.195369136127,-50.5599043033741,-55.5864790065566,-57.4476643052719,-53.1292812523674,-53.1574095121994,-56.3934734293743,-53.6105880575434,-51.6498891366324,-53.246219071495
-79.2908189851107,-83.1450192675837,-80.7547406723921,-82.994640189448,-91.2458179680455,-94.3009741500254,-87.2123007711064,-87.2584736196526,-92.5705082078601,-88.0023711968063,-84.7838623071449,-87.4042554901027
-51.5734467060302,-54.0803497170814,-52.5256311844751,-53.9825380476952,-59.3493848387012,-61.3365623776231,-56.7258480048434,-56.7558803966668,-60.2110084460688,-57.2397366935387,-55.1463089951187,-56.8507018857446
-35.5387395759585,-37.266221040592,-36.1948802523924,-37.1988200102591,-40.8970597563207,-42.2664036640391,-39.0892071061408,-39.1099021230541,-41.4907958540703,-39.4433225947308,-38.0007627786433,-39.1752426504333
-61.6020294308612,-64.5964058576947,-62.7393685076756,-64.4795744702065,-70.8900177328985,-73.2636067996672,-67.7563277514343,-67.7922000152281,-71.9191861559811,-68.3701433512651,-65.8696435218757,-67.9054597745406
-52.8121458204005,-55.3792600203082,-53.7872000146682,-55.2790990949389,-60.7748476520975,-62.8097535321479,-58.0882982999733,-58.1190520144837,-61.6571658701132,-58.6145296476188,-56.470821675111,-58.216150940926
-75.5157470403709,-79.1864470949233,-76.9099707504881,-79.0432276330738,-86.9015630858922,-89.8112618928944,-83.0600834767051,-83.1040580149377,-88.1631842210639,-83.8125382901992,-80.747264072203,-83.2428991442499
-62.4326733094113,-65.4674260107279,-63.585348305362,-65.3490192648022,-71.845901164405,-74.2514957875933,-68.6699563997069,-68.7063123663364,-72.8889469298176,-69.2920487101472,-66.7578320552605,-68.8210993241298
-79.4784167084701,-83.3417358171529,-80.9458019540703,-83.1910009503766,-91.461700562474,-94.5240850762025,-87.4186402853529,-87.4649223763232,-92.789524946649,-88.2105799742922,-84.9844562693465,-87.6110491586729
-80.2333004132795,-84.1333132151988,-81.714622841532,-83.9811466730144,-92.3304011509875,-95.4218721043182,-88.2489400042069,-88.2956616811396,-93.6708371727865,-89.0484015134231,-85.7916361787694,-88.4431763714446
-42.0063049023416,-44.0481644050244,-42.7818542223787,-43.9684973075224,-48.3397661884288,-49.9583119891553,-46.2029090418873,-46.2273702692913,-49.0415541485867,-46.6214687140039,-44.916382709338,-46.3046018804379
-37.9987544235989,-39.8458132875079,-38.700313587729,-39.7737467136768,-43.7279810390059,-45.1921118295655,-41.7949876434069,-41.8171151829557,-44.3628159386115,-42.1736152382254,-40.6312004861293,-41.8869786244682
-80.4821988224497,-84.3943101791728,-81.9681165844846,-84.2416715884739,-92.6168269847268,-95.7178882477957,-88.5227043971069,-88.5695710132481,-93.961421284843,-89.3246459825111,-86.0577775646405,-88.7175433211703
-69.326833151972,-72.6966999705688,-70.6067928731696,-72.5652180992387,-79.7795215013956,-82.4507551396949,-76.2528714136935,-76.2932420065098,-80.937746128271,-76.9436585852965,-74.1295997617447,-76.4207043727539
-31.444789726476,-32.973270816687,-32.0253450823392,-32.9136341708336,-36.1858484519409,-37.3974482935561,-34.5862546813217,-34.6045656980598,-36.7111880382492,-34.8995771910805,-33.6231956810446,-34.662379204351
-85.0490517390571,-89.1831505342566,-86.6192858836546,-89.0218506743165,-97.8722428733412,-101.149269640348,-93.5458048674824,-93.5953308660181,-99.2931343483727,-94.3932515375119,-90.9410091142015,-93.7516996613114
-61.8621007142306,-64.8691187914676,-63.0042414061226,-64.7517941655398,-71.1893010204818,-73.572910899235,-68.0423812350211,-68.0784049442424,-72.222814384065,-68.6587882399123,-66.1477318070197,-68.1921428633043
-63.6378852278265,-66.7312213587993,-64.8128116759343,-66.6105288670638,-73.2328277812342,-75.6848604497129,-69.995573989071,-70.0326317780312,-74.2960086957809,-70.6296752849856,-68.0465376412255,-70.149634604572
-67.4104005620244,-70.6871126481558,-68.6549777853924,-70.5592653888763,-77.5741405822852,-80.1715321169278,-74.1449792569301,-74.1842338674314,-78.7003478888749,-74.8166706904445,-72.0804021508894,-74.3081727345979
-76.7925425241951,-80.525305571379,-78.210339311535,-80.3796646018406,-88.3708662131725,-91.3297612533006,-84.4644361266554,-84.5091541719579,-89.6538184247199,-85.2296131993511,-82.1125123302046,-84.6503427815483
-82.5750092075177,-86.5888487400944,-84.0995658756615,-86.4322410278698,-95.0251788958529,-98.2068782790408,-90.8245952224964,-90.872680529757,-96.4047372123125,-91.6473900114998,-88.2955719246141,-91.0245006200118
-53.7890865893728,-56.4036883223383,-54.7821777366848,-56.3016745790247,-61.8990857506842,-63.9716341556569,-59.1628395049918,-59.1941621143472,-62.7977254535591,-59.6988052962855,-57.5154421330524,-59.2930572166196
-35.619967946936,-37.3513977931649,-36.2776083174759,-37.2838427090878,-40.9905352588684,-42.3630089786245,-39.178550528387,-39.1992928464295,-41.5856284170142,-39.533475393579,-38.0876184210561,-39.2647827180078
-75.1741868608728,-78.828284219714,-76.5621044518116,-78.6857125441478,-86.5085044901742,-89.4050426348544,-82.6844000181775,-82.7281756581437,-87.764419271926,-83.4334514540816,-80.3820415710506,-82.8663888045131
-50.6892576561454,-53.153181647312,-51.6251176276379,-53.057046887509,-58.3318830127927,-60.2849918451939,-55.7533248004663,-55.7828423088821,-59.1787347131535,-56.2584032431839,-54.2008658326134,-55.8760381528324
-81.624735684703,-85.592383936537,-83.1317477488599,-85.4375784664656,-93.9316287724914,-97.0767131469688,-89.7793854321662,-89.8269173735264,-95.2953111265516,-90.5927114955805,-87.2794661441002,-89.9769903176
-53.1100647955845,-55.6916603618472,-54.0906193750721,-55.5909344179623,-61.1176850817874,-63.1640700840163,-58.4159806168132,-58.4469078163235,-62.0049805514413,-58.9451804918942,-56.7893796329426,-58.5445544882172
-33.120600204925,-42.0984349233457,-36.5306064282369,-41.7481473384608,-60.968142382679,-68.0847126775619,-51.5726133302053,-51.6801666933795,-64.0538279087384,-53.4129748002882,-45.9158966171564,-52.0197457089783
-40.1581779045554,-51.0436534572123,-44.2927538398985,-50.6189355757569,-73.9228604906085,-82.5515838290728,-62.5309374921674,-62.661344159494,-77.6642029646673,-64.7623452223113,-55.6722623862581,-63.0730780784657
-41.9706839975329,-53.3474664718097,-46.2918705926649,-52.903579300608,-77.2593075616883,-86.277481180062,-65.3532195556993,-65.4895120199277,-81.1695124290126,-67.6853400252612,-58.1849838305618,-65.9198292082548
-32.1853364060305,-37.6536708838123,-34.3163032170716,-37.4477142719829,-48.3077170438809,-52.2018472748823,-43.0867310018261,-43.1472259422885,-50.0009811695713,-44.1191298932052,-39.8713395645561,-43.3380923468255
-32.7373879746631,-41.6113472788679,-36.1079397170189,-41.2651125941661,-60.2627282998173,-67.2969583968281,-50.9759074718447,-51.0822164202462,-63.3127118028152,-52.794975577101,-45.3846401472173,-51.4178664360348
-40.2813640126992,-47.1252251072021,-42.9483626959394,-46.8674613495933,-60.459232437988,-65.3329076846583,-53.9249387891007,-54.000650867637,0,-55.2170314062267,-49.9007349934951,-54.239528567157
69.5897017831421,89.8932596698843,79.6228534991609,89.3437464482482,113.154639915141,120.565765684722,102.590223939857,102.718827852448,116.413296244144,104.760473872881,95.4172684082411,103.123359484283
35.4451049482236,45.7866026364957,40.5554317124329,45.5067113118853,57.6346497312083,61.4094630147292,52.2537266439456,52.3192302897687,59.2944271495917,53.3591306716798,48.6002239690905,52.5252760950795
21.8880567919027,42.3849771899565,31.0410872428491,41.7253891859075,76.104797967788,89.3516066937801,59.3545694779792,59.5438061483069,81.7743062532089,62.5958153441236,49.3560846181809,60.1413819253427
14.2010692895979,27.4995630555596,20.1395964452736,27.0716194040449,49.3771338171611,57.9717226549175,38.5095105437983,38.6322881431533,53.0555361881289,40.6124453802414,32.0224487806216,39.0199979840109
20.1115097839664,38.9447949424342,28.5216333146789,38.3387424854739,69.9277420324577,82.0993717861635,54.5370480407881,54.7109252918827,75.1370839323153,57.515217759962,45.3500915195009,55.2599987523904
20.5442604691303,39.7827920334503,29.1353493654132,39.1636988043743,71.4324166492105,83.8659502168048,55.7105524250925,55.8881710909469,76.7538508932348,58.7528050997656,46.325914985174,56.4490592744063
17.8163926317109,34.5004311018481,25.2667563544693,33.9635410998242,61.9476171248218,72.7302255410592,48.3133027458632,48.4673371972049,66.5624710884303,50.9516049723314,40.1747578911055,48.9537506222106
17.2890898012331,33.4793391586716,24.5189488483083,32.9583392205666,60.1141845929672,70.5776655598186,46.8833981734706,47.0328737444675,64.5924550400605,49.4436158931348,38.9857257459542,47.5048910354696
22.8056881726477,44.1619181724951,32.342448803507,43.474677706803,79.2954033058704,93.0975691152832,61.8429409246281,62.0401111227574,85.2025991469094,65.2200722623684,51.4252811899433,62.6627395707815
19.2164490290433,36.5877167951464,26.9736993743089,36.0287118514216,65.1654750330295,76.3922279772138,50.9695520070756,51.1299312644269,69.9704186350712,53.7165280768034,42.4957737817684,51.6363804593221
19.3963976119851,36.930335131157,27.2262891723392,36.366095497749,65.7757040545933,77.1075876751211,51.4468461545526,51.6087272512941,70.6256425873319,54.2195457307604,42.8937169325288,52.1199189881032
18.1584920049958,34.573388761971,25.4886687802347,34.0451597022713,61.5778053271233,72.1864720621128,48.163435461977,48.3149850775162,66.1182139036643,50.7591774184996,40.1561790784593,48.7935518326197
18.8977362162779,35.9808942695685,26.5263293328782,35.4311606557182,64.0846784815138,75.1252310510266,50.1242007530009,50.2819200535546,68.8099300921646,52.8256170802153,41.7909636697566,50.7799695775645
18.845436488803,35.8813166829695,26.4529173760628,35.3331044639497,63.9073233114795,74.9173210100836,49.9854813842216,50.1427641945872,68.6194977276634,52.6794215070859,41.6753066415376,50.6394353601485
21.381010039041,40.7089956588905,30.0120452139999,40.0870238109394,72.505782612296,84.9971288044383,56.7108159005671,56.8892604459823,77.8519601103868,59.7672142411288,47.2825423922788,57.4527566103337
32.982680130502,42.6057384010545,37.7379847987339,42.3452915482546,53.6306838220615,57.1432551422651,48.623581564831,48.6845345737366,55.1751540037224,49.6521915101248,45.2238932226269,48.8762660666669
