version https://git-lfs.github.com/spec/v1
oid sha256:3f21228a429e6d17ad0670f0263c2328f60881939510cc28803ffd9dfb64f8a7
size 6689
