version https://git-lfs.github.com/spec/v1
oid sha256:7dbce3bebf978d6a8cc0cf285f7a46706d2c2f62c9df36ba77237a2eda9129be
size 3248
