version https://git-lfs.github.com/spec/v1
oid sha256:c97977ea512bfa614be15c23834609fa11ebda49706b9deff30b57a4af353e82
size 172885
